../../../../.git/annex/objects/8k/38/SHA256E-s1649706--2e779ad05cae47c1838ffe34a998f929e71aaf705d344533dadd57d8f813ea93.tsv/SHA256E-s1649706--2e779ad05cae47c1838ffe34a998f929e71aaf705d344533dadd57d8f813ea93.tsv