global_signal	global_signal_derivative1	global_signal_power2	global_signal_derivative1_power2	csf	csf_derivative1	csf_power2	csf_derivative1_power2	white_matter	white_matter_derivative1	white_matter_derivative1_power2	white_matter_power2	csf_wm	tcompcor	std_dvars	dvars	framewise_displacement	rmsd	t_comp_cor_00	t_comp_cor_01	t_comp_cor_02	t_comp_cor_03	t_comp_cor_04	t_comp_cor_05	c_comp_cor_00	c_comp_cor_01	c_comp_cor_02	c_comp_cor_03	c_comp_cor_04	c_comp_cor_05	c_comp_cor_06	c_comp_cor_07	c_comp_cor_08	c_comp_cor_09	c_comp_cor_10	w_comp_cor_00	w_comp_cor_01	w_comp_cor_02	w_comp_cor_03	w_comp_cor_04	w_comp_cor_05	w_comp_cor_06	w_comp_cor_07	w_comp_cor_08	w_comp_cor_09	w_comp_cor_10	w_comp_cor_11	w_comp_cor_12	w_comp_cor_13	w_comp_cor_14	w_comp_cor_15	w_comp_cor_16	w_comp_cor_17	w_comp_cor_18	w_comp_cor_19	w_comp_cor_20	w_comp_cor_21	w_comp_cor_22	w_comp_cor_23	w_comp_cor_24	w_comp_cor_25	w_comp_cor_26	w_comp_cor_27	w_comp_cor_28	w_comp_cor_29	w_comp_cor_30	w_comp_cor_31	w_comp_cor_32	w_comp_cor_33	w_comp_cor_34	w_comp_cor_35	w_comp_cor_36	w_comp_cor_37	w_comp_cor_38	w_comp_cor_39	w_comp_cor_40	w_comp_cor_41	w_comp_cor_42	w_comp_cor_43	w_comp_cor_44	w_comp_cor_45	w_comp_cor_46	w_comp_cor_47	a_comp_cor_00	a_comp_cor_01	a_comp_cor_02	a_comp_cor_03	a_comp_cor_04	a_comp_cor_05	a_comp_cor_06	a_comp_cor_07	a_comp_cor_08	a_comp_cor_09	a_comp_cor_10	a_comp_cor_11	a_comp_cor_12	a_comp_cor_13	a_comp_cor_14	a_comp_cor_15	a_comp_cor_16	a_comp_cor_17	a_comp_cor_18	a_comp_cor_19	a_comp_cor_20	a_comp_cor_21	a_comp_cor_22	a_comp_cor_23	a_comp_cor_24	a_comp_cor_25	a_comp_cor_26	a_comp_cor_27	a_comp_cor_28	a_comp_cor_29	a_comp_cor_30	a_comp_cor_31	a_comp_cor_32	a_comp_cor_33	a_comp_cor_34	a_comp_cor_35	a_comp_cor_36	a_comp_cor_37	a_comp_cor_38	a_comp_cor_39	a_comp_cor_40	a_comp_cor_41	a_comp_cor_42	a_comp_cor_43	a_comp_cor_44	a_comp_cor_45	a_comp_cor_46	a_comp_cor_47	edge_comp_00	edge_comp_01	edge_comp_02	edge_comp_03	edge_comp_04	edge_comp_05	edge_comp_06	edge_comp_07	edge_comp_08	edge_comp_09	edge_comp_10	edge_comp_11	edge_comp_12	edge_comp_13	edge_comp_14	edge_comp_15	edge_comp_16	edge_comp_17	edge_comp_18	edge_comp_19	edge_comp_20	edge_comp_21	edge_comp_22	edge_comp_23	cosine00	cosine01	cosine02	trans_x	trans_x_derivative1	trans_x_derivative1_power2	trans_x_power2	trans_y	trans_y_derivative1	trans_y_power2	trans_y_derivative1_power2	trans_z	trans_z_derivative1	trans_z_power2	trans_z_derivative1_power2	rot_x	rot_x_derivative1	rot_x_derivative1_power2	rot_x_power2	rot_y	rot_y_derivative1	rot_y_derivative1_power2	rot_y_power2	rot_z	rot_z_derivative1	rot_z_power2	rot_z_derivative1_power2	motion_outlier00
279.87280038850685	n/a	78328.784397305	n/a	314.75965060605114	n/a	99073.6376496434	n/a	191.3173881918769	n/a	n/a	36602.34302456131	191.36661519828624	311.33376628771714	n/a	n/a	n/a	n/a	0.1027355553	-0.0550838635	0.0068523966	-0.1651297187	0.0068417412	-0.0573983332	0.1044888882	-0.0149207303	0.1562870883	-0.0478966198	0.6478514277	-0.3798798329	0.2232985206	-0.1465185092	0.1538905164	-0.0145744229	0.0722465561	0.0284532062	-0.105362852	0.0411158655	0.1088565945	-0.0267704611	0.0622989738	-0.082500645	0.1084861233	-0.0089440489	0.101289812	-0.0469189862	0.0998277745	-0.0577274192	0.0438528889	-0.0136887529	0.0934890518	-0.1474638332	0.0006108664	-0.0393672047	0.010650095	-0.0158546905	0.1163213133	-0.0310620499	0.0660170434	0.0155123428	-0.0943575913	-0.0308183839	0.201661329	-0.0198124673	-0.0431814768	-0.018821375	0.2502905285	0.0138179987	-0.0451854525	-0.0145998673	0.0573686611	0.1363517271	-0.0373221146	-0.0509174063	0.0406630385	0.0531815628	0.0749520124	-0.0970439263	-0.0643751503	-0.1153166474	0.0094102293	0.023371766	0.076840953	-0.0350896033	0.1022604867	-0.0523237923	0.1109710423	-0.0099698624	0.0287014008	-0.1132813277	0.1401734325	-0.0545971968	0.1063537518	-0.0583907294	0.0816686956	-0.0227402264	0.0709034417	-0.04419466	0.1056072187	-0.1598328411	0.0090846301	-0.0308014532	0.0132060382	-0.0488113118	0.0422890538	-0.0516546391	-0.0970953901	0.033966156	0.0562068415	-0.0330915559	-0.2002246896	0.1058849856	-0.0556976823	-0.0329375786	-0.116815748	0.2296809486	-0.0558590223	-0.0711762646	0.1224773762	0.0602667212	-0.140861252	-0.0026509116	0.0778113758	0.0278899983	0.1108656884	-0.0424968768	-0.0736562145	0.0071330279	0.0141540224	0.0115113962	0.0629114061	0.0191633137	-0.0270557818	0.2645849122	-0.1159863108	0.0420527262	-0.0238294562	0.1385779338	-0.102407417	0.0068311128	-0.0627304801	0.0683599445	-0.027163051	0.0412323381	-0.0983129445	0.0266533767	-0.1043085295	0.0158615745	-0.0667284351	0.1965859518	-0.1431955174	0.0256066561	0.030486015	0.0932595929	-0.0342295967	0.1195153378	0.1194927693	0.1194551582	0.0155447	n/a	n/a	0.0002416376980899	0.017571	n/a	0.000308740041	n/a	-0.0644838	n/a	0.00415816046244	n/a	-0.00254802	n/a	n/a	6.492405920399999e-06	-0.00157668	n/a	n/a	2.4859198224e-06	-0.000678024	n/a	4.597165445760001e-07	n/a	0.0
279.65564032463425	-0.2171600638725976	78207.2771653812	0.0471584933411507	309.37321204924507	-5.38643855680607	95711.78433366716	29.013720326247057	191.14029190038173	-0.177096291495161	0.031363096461339	36534.611187763134	191.14039434720223	310.1212025666703	1.114464	22.726461	0.08040674	0.0449468	0.0181878204	-0.1297604609	0.0492689406	-0.2113193646	-0.0675159687	-0.0276168105	0.0351399839	-0.1304582732	0.1001736678	0.0873562425	0.1447242093	-0.1853495796	0.1619856687	-0.0491031546	-0.1037481664	-0.2028930118	0.0172607116	-0.0488081581	-0.1294258545	-0.0034790216	0.0340725305	0.1004730654	0.1155945352	0.0046373977	0.1774870477	-0.0654910252	0.1010852231	-0.1319171657	0.1830497461	0.0656731225	-0.127867005	-0.0371047393	0.0333334188	0.0319705485	0.0630881457	0.1047763008	0.0506134463	-0.1000708312	0.011027884	-0.1122083659	0.0402161117	0.0416649515	-0.0109055479	0.0279786689	0.1318926399	-0.1360101772	-0.0401854854	0.036602287	0.0251653726	-0.1045468876	0.0290364106	-0.0288795511	-0.0395912791	0.0557011978	0.2259813458	0.1738215576	0.044716945	-0.0284412382	0.0947171022	-0.1966082896	-0.0874594915	0.030703389	0.0375886771	0.0477163266	0.0933940735	0.0417021313	0.1335178591	-0.0082072543	0.0433229384	0.087014616	0.1089049595	0.0156032545	0.1870325695	-0.1330446371	0.1077714222	-0.1645992816	0.1323291137	-0.0719365901	-0.1266133136	-0.0768671171	0.0396034664	0.0619602876	0.0746008111	0.0642327638	-0.0526675285	0.0312185747	0.0577019325	-8.99392e-05	-0.1297329132	0.0047463333	0.0392940368	0.0117012164	-0.1465605595	-0.0201861922	0.075724291	-0.0494137595	-0.1233613174	-0.0177291524	-0.0196483368	0.0099887065	-0.0268350947	-0.0700747576	0.063527895	0.210265347	0.0441819024	-0.0732935172	0.2062460411	0.0846826322	-0.0681402031	0.118959996	0.0699515397	-0.0934133623	0.0167334454	-0.0520026598	-0.0095237756	0.2580044511	-0.1741009945	-0.0272147935	0.0557613804	0.1375610867	-0.1035199828	0.0164737102	-0.1371068048	0.0382471578	-0.0764099186	0.0878517638	-0.1592905574	0.0786910112	-0.0062232088	-0.0039920557	0.022107973	0.0759637275	0.0936574716	0.0381472729	-0.0161474885	0.0331517967	0.0608784184	0.1194551582	0.1192521267	0.1189139965	0.0192549	0.0037101999999999	1.376558403999999e-05	0.0003707511740099	0.0072073099999999	-0.01036369	5.194531743609856e-05	0.0001074060704161	-0.0863812999999999	-0.0218974999999999	0.0074617289896899	0.0004795005062499	-0.00195754	0.00059048	3.486666304e-07	3.831962851599999e-06	-0.00144834	0.00012834	1.6471155600000002e-08	2.0976887556e-06	-0.000508137	0.000169887	2.58203210769e-07	2.886159276900003e-08	0.0
279.7994088509096	0.1437685262753234	78287.70919331846	0.0206693891473783	308.66304451706327	-0.7101675321817993	95272.8750505426	0.5043379237651869	191.4842311380449	0.3439392376631645	0.1182941992043187	36666.2107745282	191.48533076144764	314.0472256734517	1.025421	20.910677	0.08078334	0.0393065	-0.043453283	-0.1064387508	0.0878036616	-0.1272240176	-0.1123969256	-0.0905514185	-0.0788928204	-0.0786072896	0.079645318	0.0697047578	0.0504217786	-0.1183856924	0.1128462586	0.077552648	-0.1825984888	-0.0921040873	-0.0970126215	-0.1185480646	0.0174840506	0.0731180504	0.1186961426	-0.0137998106	-0.1329720053	0.0636295506	0.06533898	-0.050150478	0.1070039232	0.1582344109	0.0105014129	-0.0373558324	0.0392212428	-0.1076071605	0.1325560119	0.0508106668	0.1358809792	-0.0761526757	0.0269104118	0.0315087906	-0.0541240821	-0.0568792699	0.0198681431	0.1458723842	0.0126675472	0.01403061	-0.0260706066	0.0070929726	0.1871425542	-0.0208294515	-0.0427850785	-0.0189346896	0.0019919039	0.0453867986	0.0026924322	-0.143260941	0.0545732788	0.0203464694	0.0288665258	0.0721599731	-0.0482904322	0.0440505516	-0.0776855383	-0.0173902988	0.0800375411	0.0305005894	0.1257883808	0.122405207	-0.0074587241	-0.0740455503	0.1197654529	-0.0133411365	-0.1341319154	0.0669506201	0.0632460254	-0.0667884231	0.11696261	0.1725842834	0.0323979623	0.0122005554	0.031291142	-0.151150079	0.0991954867	0.0414110005	0.0404656474	-0.1065213074	0.0313984152	-0.0569192572	-0.0725888129	0.0418275102	-0.0440109295	-0.1172305304	0.0390858416	-0.0031065175	-0.0079124553	-0.0364388447	-0.0206152269	0.1606001575	0.056217473	-0.0639358184	0.0687213953	0.0628270721	-0.126532897	0.0808789889	0.0333914987	0.031022385	0.0649175123	0.0081277606	-0.0290491349	0.0542536053	-0.0246650965	-0.0306604324	-0.0021172221	-0.1240962982	0.1139802743	-0.0544953662	-0.0173320922	0.2206435685	-0.1278146355	0.1178371053	0.176845719	0.0712111269	-0.0947797176	0.0178300717	-0.0990413764	-0.0437664462	-0.0090951464	0.0348072941	-0.0130272942	-0.0086256888	-0.0263924421	0.1417599144	0.01476225	0.0621509724	-0.0486735756	0.1813404832	0.0426804884	-0.0731438929	0.0352581667	0.1193348294	0.1187713263	0.1178341246	0.0167426	-0.0025122999999999	6.3116512899999926e-06	0.00028031465476	0.0201382	0.01293089	0.0004055470992399	0.0001672079161921	-0.110436	-0.0240547000000001	0.012196110096	0.00057862859209	-0.00254384	-0.0005863	3.4374769000000013e-07	6.471121945599999e-06	-0.00161822	-0.00016988	2.8859214400000026e-08	2.6186359684e-06	-0.000438608	6.952899999999998e-05	1.92376977664e-07	4.834281840999997e-09	0.0
279.18191399434824	-0.6174948565613363	77942.54110154766	0.3812998978797053	307.8395508723244	-0.8234936447388463	94765.1890812744	0.6781417829252693	191.3480564663593	-0.1361746716855805	0.0185435412086756	36614.07871345303	191.36575173143447	310.10976314940393	1.128628	23.015287	0.0680664	0.0455198	-0.0187986835	0.0439474586	0.1461618316	-0.2375861551	-0.021993639	0.0823106575	-0.1164040378	0.0241155983	0.0499610087	0.1175926094	0.1577088744	0.0794955204	-0.0747697406	-0.0352486136	-0.1959743901	0.0379479743	-0.1022416223	-0.0305340186	0.0598462152	0.1023781223	0.0023809518	-0.0011622541	-0.1063418787	-0.1659407794	-0.0146502758	-0.2420450503	0.1972319599	0.0357128974	0.1293172454	0.0318930987	-0.1258333422	-0.0565033135	0.0130946799	-0.1354561075	-0.107342206	-0.230516338	-0.1395320761	-0.0451275785	-0.0336743235	-0.0378954828	0.1285325049	0.0609292158	-0.1344529436	0.0162739673	0.0047554347	0.0770345641	0.0201650254	0.0088318399	0.0173996449	-0.0030737742	-0.0644965628	0.0553153471	-0.0153595334	0.0176777619	-0.0902952792	0.0781524895	-0.0492454032	-0.0794780867	-0.1184343597	0.0297626385	0.120619986	0.1193565398	-0.0473474151	-0.0312583901	-0.0654239846	0.0355108428	-0.0667105754	-0.1026448679	-0.0023694598	-0.0028442251	-0.0970008623	-0.1151965752	-0.0539593444	-0.2676136574	0.2069881492	-0.0095385579	0.1147276912	-0.0318295848	-0.0790639579	0.04139535	-0.0487195153	-0.1574356819	-0.1895169107	-0.1808381113	0.1498757299	0.0791931248	-0.0734959811	0.0198854673	-0.0882937066	-0.014132304	0.0959226877	0.0102391006	-0.0048487569	0.0841031413	-0.0469185184	-0.0068743525	-0.0032593389	0.007596249	0.079175201	0.0763817454	0.0375969861	-0.1114643431	0.090908527	-0.0941943788	-0.0599523319	-0.0498729365	-0.1070635761	-0.0224518874	0.0102423038	0.0483488839	-0.0192669272	0.0612724292	-0.0536732863	-0.0556957911	0.0301592209	0.1906128295	-0.115406281	0.2400902486	-0.0699118354	0.0608518046	-0.0688212504	-0.073886477	-0.0400614916	0.0608271468	0.0270495748	0.0534438985	-0.1534237354	-0.0022192261	-0.0212021353	0.0876817219	-0.0584617136	-0.0580268944	-0.0824486334	0.0200958712	-0.0851423014	-0.0586186643	0.0032254583	0.1191544118	0.1180513362	0.1162204348	0.0122106	-0.004532	2.0539024e-05	0.00014909875236	0.0293637	0.0092255	0.00086222687769	8.510985025000002e-05	-0.0650062	0.0454298	0.00422580603844	0.00206386672804	-0.00239003	0.0001538099999999	2.365751609999997e-08	5.7122434009000005e-06	-0.00161047	7.750000000000161e-06	6.00625000000025e-11	2.5936136209e-06	-0.000422586	1.6021999999999976e-05	1.7857892739600005e-07	2.5670448399999926e-10	0.0
279.6227656937918	0.4408516994435558	78188.89109424518	0.1943502209022713	307.3625744723047	-0.4769764000197369	94471.75218624304	0.2275064861757881	191.13597327507023	-0.2120831912890821	0.0449792800273614	36532.96027980836	191.13859435977287	309.127441457693	1.268508	25.867767	0.04317195	0.0260858	0.0549757544	0.0442798007	-0.0477212279	-0.1777032858	0.0087840348	-0.0129396379	0.0745088286	0.1042756829	0.035969148	0.0862139512	-0.0742098677	-0.0454379567	0.0546985559	-0.1799803835	-0.0457360008	-0.0739190344	-0.0803451923	0.1467320918	0.0117067434	0.0158018504	-0.0135514772	0.0654823657	0.0685987585	0.0277434583	0.2437965595	-0.1058575981	0.0032458234	0.0135601863	0.0247078228	-0.1219620018	0.000587401	-0.0587094234	-0.1097035327	-0.112272695	-0.0523711462	0.0614648874	-0.1039104053	0.0494705568	0.0478548635	-0.0384554638	-0.0006434257	0.0848670563	0.0777201095	-0.0599867892	0.0102299449	-0.0634403889	-0.1912046042	-0.0383461092	-0.1645494753	0.0335638443	0.1276416065	-0.0451467775	-0.0369808499	-0.1082270253	-0.0312456085	-0.0231621518	-0.0457230953	-0.0724298302	-0.0413258198	0.0145280152	0.0907506417	0.0405417387	-0.011993582	-0.066558714	-0.2117477529	-0.145934144	-0.0204025502	-0.0137288044	0.0133630348	0.0592383113	0.0668048209	0.0415049222	0.2207566999	-0.1506593265	-0.034763201	0.0195476274	-0.0242997059	-0.0878327337	0.0735030488	-0.0179113994	-0.1255065772	-0.1404398028	0.0002049672	0.0707460164	0.0581760491	-0.0328886941	0.0842190245	-0.0076401501	-0.0132811882	-0.0497147653	-0.0327501279	-0.0486280097	-0.0091076369	-0.1318601874	0.0436301457	-0.2017399232	0.0915609895	-0.1072600987	-0.0660199199	0.001029705	-0.1289509073	-0.0083844382	0.0776734998	-0.0632352214	-0.0936255503	-0.0338251716	-0.0809502152	-0.0580326805	0.0458522956	0.0177021315	-0.0236980652	0.061583609	-0.167454983	-0.0190943914	-0.0730538025	0.1039447088	-0.189447847	-0.0099239741	-0.0856523496	0.190260524	-0.0483783622	0.0394282731	0.0103376995	-0.0251833183	-0.0183955617	0.0436764981	0.0522105561	0.0627425074	-0.0302777831	0.0103279166	0.0770526025	-0.0867465155	-0.0150126219	0.0666777725	-0.0200720327	-0.1349910452	0.0303587944	0.1189139965	0.1170936064	0.1140802373	0.0105776	-0.001633	2.6666890000000027e-06	0.0001118856217599	0.0183061	-0.0110576	0.0003351132972099	0.00012227051776	-0.061076	0.0039302	0.0037302777759999	1.5446472040000015e-05	-0.00196117	0.00042886	1.839208996000001e-07	3.8461877689e-06	-0.00159517	1.5299999999999992e-05	2.3408999999999976e-10	2.5445673289e-06	-0.000509449	-8.686300000000001e-05	2.59538283601e-07	7.545180769000002e-09	0.0
280.481207133031	0.8584414392391864	78669.70755480223	0.7369217046030457	308.75009457091426	1.3875200986095706	95326.62089754848	1.9252120240455128	191.2593800685497	0.1234067934794609	0.0152292366768823	36580.15046420594	191.262178454084	314.7261010129281	1.177137	24.004513	0.05953286	0.0275964	-0.0456439874	-0.123642491	-0.0996820187	-0.0700180356	0.0659379401	0.0616314106	0.0868221223	-0.0855183659	0.0659037324	-0.0105356772	-0.1281868099	0.0514730201	0.0950790868	-0.026162361	-0.1400803877	-0.0181150546	0.0146928988	-0.0121160816	-0.1548601197	0.0087169516	-0.0429625536	-0.0088856197	0.1790299039	-0.0068929837	-0.1360651897	-0.0135046175	0.1773253253	0.0760266507	-0.2138232804	-0.1203547631	0.0042688346	0.0973735088	0.046610211	-0.0462548012	0.0073614638	-0.0404311583	-0.0822542933	-0.0020828815	-0.109176265	0.0375631895	0.0591137064	-0.1367302033	-0.0066226496	-0.0637306022	-0.0043022392	0.006114127	-0.0072537897	-0.0017888624	0.0659325988	0.0473439166	0.0276197596	0.0482855691	0.0430943532	0.0376725303	0.0258945895	-0.1618649969	-0.1077278071	-0.0723361047	-0.0437981384	-0.0585125574	0.0300147456	0.0851653558	0.0991521967	-0.0189595482	0.0738757823	-0.0039530253	0.1517549747	-0.010280517	-0.0573503346	-0.043290024	0.1796606397	-0.036302254	-0.0974625838	0.04769586	0.186603476	0.1362076782	-0.1956066557	-0.0271862442	0.0499419595	0.1125461377	0.0460069619	-0.0515920093	0.0146955295	-0.0213360613	0.0748519144	0.0626733873	-0.070151725	0.0722251431	0.0506101621	0.1229183907	-0.0116705793	-0.0637630906	0.0369158058	0.0248720384	-0.0053711641	-0.0107181243	0.0068615167	0.0845187504	-0.0366837472	0.0384580677	0.0208913667	0.0478557188	-0.0333738172	0.0121279561	-0.2164601235	0.0780327424	-0.0375473082	0.0542027224	-0.0151774197	0.0903567452	-0.0288235646	-0.0485547544	0.0039325584	-0.0575221873	-0.0475063832	0.2350470566	-0.0937958561	-0.0666937888	-0.0088663715	-0.0420235653	0.0792349843	0.0374837828	-0.0971589676	-0.0564650945	-0.0440947645	0.0399639174	-0.1483085502	0.0084158644	-0.0289107916	-0.1003496085	-0.1448409974	-0.0772667731	-0.1014905439	-0.0064844965	-0.0051015185	0.0911129759	0.1361104167	0.1186137044	0.1159000657	0.1114232278	0.0112938	0.0007162	5.129424400000002e-07	0.00012754991844	0.00117674	-0.01712936	1.3847170275999997e-06	0.0002934149740096	-0.0772671999999999	-0.0161911999999999	0.0059702201958399	0.0002621549574399	-0.00219147	-0.0002303	5.3038090000000057e-08	4.8025407609e-06	-0.0016015	-6.330000000000138e-06	4.006890000000174e-11	2.5648022500000003e-06	-0.000236157	0.000273292	5.5770128649e-08	7.468851726400005e-08	0.0
280.28128148010467	-0.1999256529263107	78557.59674812967	0.0399702666980116	308.5754032947626	-0.1746912761516341	95218.7795185254	0.0305170419634865	191.04338201730536	-0.2159980512443269	0.0466551581413468	36497.57381261008	191.0547019714653	318.49624711745014	1.222234	24.924128	0.10268157	0.0673191	-0.1147845858	-0.0521345292	0.0272765998	0.1102353475	0.048578346	-0.0378208043	-0.0785364912	-0.0892643809	-0.0083298653	-0.0606771591	-0.1257061205	0.023816703	0.1070699567	0.0071773103	0.0151061719	0.024325969	-0.0841044806	-0.0541055674	0.0463188241	0.0108113664	-0.0490497681	0.0436920654	0.2462423931	-0.1495727751	-0.0798024398	-0.0714054492	0.0833794939	-0.0262766554	-0.06096566	-0.0803466518	-0.0403171705	0.1277934304	-0.0583059115	-0.0155084663	-0.0435574899	-0.0815162026	-0.1078680003	0.0673726942	0.1546722517	-0.0075745962	-0.1424343712	0.0868651163	-0.0559870058	-0.0149861863	-0.1500866394	-0.0214130457	0.1445906031	0.0037950571	-0.0712545522	0.0278162706	-0.1044856058	-0.0317658371	-0.1183507554	-0.0482716176	-0.0190532779	0.103846891	0.2126593056	0.0318479598	0.1180856739	-0.0566875753	0.0405496955	0.0416942955	-0.1407194764	-0.1387914165	-0.0947309329	0.0577154441	-0.0467864401	-0.0089865827	-0.0349716192	0.0287590311	0.2400505818	-0.1589268932	-0.0561030621	-0.0300800398	0.0844933629	-0.0102033558	-0.0958512356	-0.1014906275	0.0327548622	0.1716911076	-0.0506186347	-0.0216403942	-0.0603972368	-0.0447730365	0.1054079416	-0.0891002855	0.1379046561	-0.0755001277	0.0525028399	-0.1037921477	0.0592089247	0.0138318628	0.0997861464	-0.0369353831	0.095210391	0.160477289	0.0782292843	-0.0470573547	0.1061205793	-0.0249777965	-0.050802515	-0.015639896	-0.0622405776	0.0157179797	0.1684667429	-0.1912704834	0.0659922633	0.0370843851	0.0850729538	0.0582478305	-0.0398964945	0.1934237493	-0.1479554235	-0.0285764559	0.0396990475	0.0560834743	-0.0368133851	0.0359181171	0.1023499359	-0.0128355177	0.2224165473	0.0184851381	-0.1545522403	0.0340603939	-0.0597342218	-0.122788732	0.1472364465	-0.1283561739	0.07991562	0.0598692634	-0.0572991977	0.0059458277	0.2238022166	0.0713908781	0.1504828627	0.1148954302	-0.2000537503	0.1182536866	0.1144731177	0.1082614433	0.0120788	0.000785	6.162250000000016e-07	0.00014589740944	0.00509546	0.00391872	2.59637126116e-05	1.53563664384e-05	-0.0793276	-0.0020604000000001	0.00629286812176	4.2452481600004166e-06	-0.00142069	0.00077078	5.941018084e-07	2.0183600761000003e-06	-0.000561746	0.001039754	1.081088380516e-06	3.15558568516e-07	-0.000128342	0.0001078149999999	1.6471668964000002e-08	1.1624074224999996e-08	0.0
280.3896920020262	0.1084105219215416	78618.37938099111	0.011752841263301	308.72920244683024	0.15379915206762	95313.7204434559	0.0236541791767189	191.25679183124905	0.2134098139436844	0.045543748687478	36579.160421581735	191.2557731165529	316.2525367205427	1.163658	23.729626	0.10288654	0.0554296	-0.1007095952	0.0126581113	0.0777430101	0.0986312743	0.0517389731	0.1221277597	-0.1076318588	0.016309247	-0.0459043311	-0.0198662263	-0.0435386648	0.0769849447	0.0759834473	0.0630429582	0.1010827152	0.041225392	-0.0970117614	-0.063770439	0.0808416403	-0.0035328653	0.135092988	-0.1288546732	-0.1238996153	-0.0235866462	0.0095665819	-0.0539121126	0.0282010459	0.0264911605	-0.0091689031	-0.1008108708	0.0416106869	0.1023568808	-0.0991199324	-0.0002580813	-0.0016664985	0.0570429738	0.1014765252	-0.1428714112	0.102284892	0.0657173968	-0.0004065771	-0.0303110717	0.0442171756	0.0519958782	-0.1094591721	-0.1068025303	0.0261418827	0.1015047843	-0.0200370496	0.0023711656	-0.0448222788	-0.0912739685	-0.0982445501	0.0857987472	-0.0023777183	-0.1773665594	0.0731026319	-0.037705582	0.1040215708	0.1688238993	-0.1136476351	-0.0578256046	-0.0288647327	0.0938267131	0.1086366448	0.071356281	-0.0762113759	0.012533757	0.1171683957	-0.1249174317	-0.1509333922	-0.0297207289	-0.0029668645	-0.0424699321	0.0277705898	0.0493869084	-0.0284523717	-0.0683105542	0.0944158399	0.070353627	-0.0352866159	0.0295254162	0.0819762472	0.002157031	-0.1090232374	0.0905316886	0.0454063574	-0.1647649325	-0.0082840916	0.0261883181	-0.0447896132	0.0204992833	0.0654352785	-0.0337302655	0.1713235584	0.0386974405	-0.0561518011	-0.0278648169	-0.0042053139	-0.1148528514	0.0625250126	-0.0120071281	-0.2028644484	0.0147293185	-0.0371907937	-0.0506866474	0.0006621827	0.0427869694	0.0790679517	-0.2129685138	0.080412432	-0.0418147163	0.1881844295	-0.0036375661	0.1095869219	-0.0469171277	0.0580958929	0.1647988283	0.0240364961	-0.0231719888	0.073978708	0.0786449499	0.0232389421	-0.0690827557	0.1072080235	-0.2495567027	0.1014259688	0.0071016983	-0.1865213436	0.0556052738	0.1555290503	0.0732739224	0.0308964504	-0.0722614752	-0.0564097252	-0.0202188007	-0.0417387504	0.1178341246	0.112815636	0.1046092073	0.0103932	-0.0016856	2.841247360000002e-06	0.00010801860624	0.0552955	0.05020004	0.0030575923202499	0.0025200440160016	-0.0584854	0.0208421999999999	0.00342054201316	0.0004343973008399	-0.00102039	0.0004003	1.602400900000001e-07	1.0411957520999998e-06	-0.000561746	0.0	0.0	3.15558568516e-07	-0.000331216	-0.000202874	1.0970403865600001e-07	4.1157859876e-08	0.0
280.59426844060494	0.2045764385787265	78733.14348171826	0.0418515192215554	309.39788345508634	0.668681008256101	95727.0502864872	0.4471342908023958	191.3490412191768	0.092249387927751	0.0085099495730447	36614.45557549822	191.3555436552797	320.98699412942284	1.175774	23.976702	0.09013013	0.055838	-0.1239432246	0.1192042226	-0.0135492339	0.0560679776	-0.0454780936	-0.096681667	-0.0893934709	0.0981527787	0.0557723266	-0.0823252704	-0.0204675671	-0.0259924322	-0.1509681871	0.0315384671	-0.0107847579	-0.0101118561	0.0560533186	0.0226963538	0.1120262592	0.0551651914	0.0276606816	-0.0656756826	0.0921202243	0.1194698206	-0.0804698107	0.06176702	0.0402252023	0.0322489389	0.0762614736	-0.0076664346	-0.0483273419	-0.0892885602	-0.078254989	0.0249862359	0.0250284301	0.1524059562	0.007593959	0.1063261007	0.1293104961	0.0406162085	-0.1023652714	-0.0927657823	0.0097992031	0.1492253541	-0.0276089606	0.0284073267	-0.1222423656	0.03982669	-0.0409225759	-0.0336889668	-0.2048334903	-0.0968545402	-0.0669142216	-0.0349319382	-0.0558938268	0.014628501	0.1103368834	0.007112838	0.0270468051	0.0324604803	-0.0172093985	0.083793597	0.1655978113	0.056087986	0.0735528212	-0.0177000932	-0.119006654	-0.0495308921	0.0215239421	-0.0960120624	0.0884862108	0.0968454929	-0.0351074791	0.0913800139	0.0510734939	0.0085316214	0.074546787	-0.0502848225	-0.0341500657	-0.0747164868	-0.1235908573	0.0070066245	0.0596024374	0.1245427561	0.0003109407	-0.1129225359	0.0544901581	-0.0724356437	0.0942713086	0.0290646407	-0.0465778987	0.1782145033	0.0900980721	0.0529686588	0.0178339472	-0.101281187	-0.0575388981	-0.0406733458	0.1342983258	-0.1312476105	0.0539419172	-0.0270083003	-0.0396167388	-0.0492851764	0.0820939721	-0.0904666564	-0.0277096864	0.0786308626	0.0468873735	0.051831574	0.0072648726	-0.1635161071	0.0147447678	-0.0453607539	0.0307076514	-0.1053803231	-0.1024228297	-0.0200294865	-0.0267920011	0.019663754	-0.0276836106	0.0208485086	0.0636770578	0.0335513983	0.0568353096	-0.140291288	-0.0313757857	-0.0371593044	0.1033670618	0.0570819196	-0.0013053588	-0.0159414761	0.1118732838	-0.0841652064	0.019031224	-0.0512714486	-0.0869557685	0.1173552296	0.1109309587	0.1004830656	0.0113129	0.0009197	8.458480900000014e-07	0.00012798170641	0.00742017	-0.0478753299999999	5.50589228289e-05	0.0022920472226088	-0.0675321	-0.0090466999999999	0.00456058453041	8.184278088999995e-05	-0.000692692	0.0003276979999999	1.07385979204e-07	4.79822206864e-07	-0.0008679589999999	-0.0003062129999999	9.376640136893877e-08	7.533528256808264e-07	-0.000343073	-1.1856999999999992e-05	1.17699083329e-07	1.405884489999998e-10	0.0
280.0698149601642	-0.5244534804407408	78439.10125182061	0.2750514531464065	309.24637196224984	-0.1515114928365051	95633.3185718142	0.0229557324615463	191.42178743277023	0.0727462135934331	0.0052920115921813	36642.30070395667	191.45877103505904	317.0613381555961	1.095171	22.333035	0.05508629	0.0277082	0.0252986665	0.039009688	-0.098113386	0.0140314541	0.0275807296	-0.0891648562	0.0563001456	0.06532265	0.0673393064	0.0205020164	-0.0347618506	-0.0115596509	-0.0715181196	0.0765085893	-0.0694876838	0.0342716195	0.0739634396	0.0855084011	-0.0318601603	0.1150892244	-0.0275884935	-0.0452198219	0.0052177383	-0.0150173239	-0.0760412781	-0.034219987	0.019583614	0.0439467732	-0.0626562413	-0.0785029417	0.0747068769	0.0189501836	0.0296973069	0.0128318769	0.0028592728	0.2107364495	-0.0055315763	0.012995512	0.08123702	0.0442388163	0.1004432838	0.1284082615	0.1117299469	0.1056233255	-0.0007221709	0.0718290931	-0.087702207	-0.0012434939	0.123510317	0.0851100433	0.0998261971	-0.0536698187	-0.1332924872	0.0550293118	0.009669511	0.0229852162	-0.1700005327	0.0275614648	0.0929329878	-0.0341985762	-0.0797030202	-0.0872666065	-0.0391904659	-0.0850852424	0.0131037199	-0.0901562333	0.025433008	-0.1183703423	-0.0292527668	-0.0390181814	0.0015463166	-0.0227938473	-0.0624970395	0.0080204929	0.0259621307	0.0824737016	-0.0497427214	-0.0256445392	0.0773238258	-0.014761943	0.050069742	-0.0168125131	0.0856846536	0.2030107879	-0.0033750828	-0.0143823836	-0.0787974119	-0.1042397177	-0.0912064657	-0.1039813005	-0.0938369606	0.0511339611	0.0207936024	-0.005033995	-0.0004076484	-0.0962148778	0.0392815525	0.1318818754	-0.1018802389	-0.0864161836	-0.0901731818	-0.1501547044	-0.0565526434	0.0067829754	-0.0078542497	0.1263983267	0.1283236657	-0.0487877886	-0.0096479432	-0.054545998	-0.072152341	0.0751407793	0.0117931509	-0.0292302903	-0.1051562702	-0.0591989973	0.0610467409	-0.0184183061	0.0138142364	0.0388151326	0.0093783428	0.0570891652	0.1638030971	0.0690366974	-0.0569186101	-0.1258476927	0.0246546639	-0.085459057	0.12299969	0.0574467742	0.0661249572	-0.0496103917	0.0459780197	0.0095895056	0.0095928564	-0.10001229	5.90191e-05	0.1168172427	0.1088228812	0.0959017104	0.00520749	-0.00610541	3.727603126810001e-05	2.7117952100100005e-05	0.0263163	0.01889613	0.00069254764569	0.0003570637289769	-0.0700499	-0.0025178	0.00490698849001	6.339316840000003e-06	-0.000347358	0.000345334	1.19255571556e-07	1.2065758016399998e-07	-0.000875517	-7.558000000100029e-06	5.7123364001512037e-11	7.66530017289e-07	-0.000144626	0.000198447	2.0916679876e-08	3.9381211809e-08	0.0
279.37354590620834	-0.6962690539558594	78049.5781522083	0.4847905954965874	307.5398613908283	-1.706510571421518	94580.76634428988	2.9121783303733952	191.0095051564585	-0.4122822763117426	0.1699766753607921	36484.63106011514	191.03219304854537	312.7246075564047	1.13053	23.054071	0.0635309	0.040677	0.0214899145	-0.0059054071	0.0912722167	0.0583000673	0.1336751165	-0.0613288944	-0.0752734912	-0.0572478286	-0.041726589	0.077534657	0.0257027787	0.0966811748	-0.0902691147	-0.0535999647	0.0712944984	0.0309977785	0.154392835	-0.1040968561	0.0865062235	0.0244227798	-0.0215806771	0.0850314751	0.1128288722	-0.0657446256	0.0304661041	0.0445583528	-0.0810092346	-0.0233741317	0.0043013105	0.030121273	0.1490352067	0.033933947	0.085595884	0.1442464793	-0.1381703058	-0.0682389632	0.159080513	0.1281834674	0.053682003	-0.0389717191	0.0953271325	-0.0120802524	0.0300827738	0.0624960233	0.061099728	0.2046759245	-0.0484734379	0.0362233083	-0.0815800489	-0.0221351804	0.115846108	0.1285857424	0.0049916661	-0.0033931751	-0.1445751132	-0.014928904	-0.0959199437	0.0145280805	0.0056581421	0.0687309799	0.0862414144	0.0029882097	0.0776884423	0.1035027532	0.0312696514	0.1048748636	-0.0757986621	-0.0192308881	-0.0099330316	0.074173001	0.133374321	-0.0671278186	-0.0185287212	0.0165135429	-0.1002340265	-0.0233056149	0.0140896789	0.0767226962	0.1119232367	0.0087011767	0.102725622	0.1099974037	-0.1574804784	-0.0156999674	-0.1413030689	-0.1518600265	-0.0923716175	-0.0402669101	-0.0662667239	0.0016171437	-0.0945364403	0.0406037417	0.0248826262	0.1659236664	-0.0968427754	-0.0843318425	0.0704955143	-0.0979890773	-0.0989303116	0.1275356779	-0.0408835816	-0.0490043383	-0.0035514801	-0.1702744214	-0.0300745374	0.0750731666	-0.0283446969	-0.0352384865	0.0746129607	0.0054607548	0.0246895616	-0.0736133827	0.0804377302	-0.0123009571	0.1455506143	-0.0348231858	0.0592497536	0.0451654742	-0.0468140834	0.0600006814	0.0037744992	0.0175740587	0.1396338223	0.0603438921	-0.1714369235	-0.0529194789	0.0593830454	-0.0874295147	0.0556881278	-0.0814990989	0.1103608957	-0.0952302393	-0.0142710872	-0.1134312661	0.0762315745	0.1755763923	-0.005909549	0.1162204348	0.1064956489	0.0908858965	0.00353459	-0.0016729	2.7985944100000005e-06	1.24933264681e-05	0.0406512	0.0143348999999999	0.0016525200614399	0.0002054893580099	-0.0357662	0.0342837	0.0012792210624399	0.00117537208569	-0.000543838	-0.00019648	3.8604390400000025e-08	2.95759770244e-07	-0.000812862	6.2655e-05	3.925649025e-09	6.607446310440001e-07	-0.000150279	-5.652999999999995e-06	2.2583777840999995e-08	3.1956408999999936e-11	0.0
279.7534448210154	0.3798989148070859	78261.98988922492	0.1443231854716015	307.41936817199854	-0.1204932188297789	94506.66792727078	0.0145186157839609	190.77805599763025	-0.2314491588282408	0.0535687131223002	36396.26665023495	190.7714065911323	310.3790648358068	1.201184	24.494877	0.0735174309	0.0394778	0.0038179837	0.1294376524	-0.017539197	-0.0336719687	0.1734015767	0.0222649881	-0.037588849	0.1729337293	0.0140211987	0.0704347285	-0.1262013847	-0.0017670327	0.0467703724	-0.1237721568	0.0297545538	-0.1503782932	0.0581879564	0.0855752105	0.1078105394	-0.0840903198	-0.1574602611	-0.091869456	-0.015252513	0.0892122433	0.1171063168	0.0667133586	0.1336442156	0.0497388674	-0.0522250409	0.1682712789	0.0512082394	-0.0490936567	-0.0170871109	-0.0737197979	-0.028942402	-0.043516177	0.0715153911	0.1087671925	0.0845052334	0.1307402904	-0.0807526363	0.0066850516	0.0671998465	-0.0764242947	-0.045233078	0.1389275879	-0.0276363385	0.0628511602	0.0784712235	0.1002444474	0.0354463502	0.0043547206	0.1825902127	0.1327664857	0.1405026311	0.0340043555	-0.050213897	0.0029415385	-0.064235745	0.0742233451	-0.0780168893	0.1226851022	-0.0427705508	-0.1936976799	0.0353823909	-0.0734616359	-0.1213175122	0.0747404787	-0.1623098904	-0.0627773352	-0.0106651479	0.0704985065	0.1524623426	0.0322105083	0.0959057582	0.0190162617	-0.009161939	0.2052396926	-0.0442225122	-0.0324446382	-0.029251419	-0.0703158416	-0.0149761973	-0.0614159659	-0.0803690589	-0.1101870397	0.0304847992	-0.0776830035	0.1261413386	-0.0872232757	-0.1238379639	-0.0804847344	0.1083709078	0.0910702698	-0.0462735745	-0.0153834464	0.0512110595	0.1112444182	-0.0823414172	0.0271240821	0.1579237291	0.0145915133	0.1654100855	0.1364560307	-0.037788474	0.0647259823	-0.0152782732	0.1829019787	-0.0095176197	-0.0950505394	-0.0732965524	0.1353138604	0.0145948849	-0.0558103671	-0.0610363706	-0.1223728662	-0.0920985277	0.0181839616	-0.0311300725	0.0305383082	0.0131364212	0.0267774388	0.1373578856	-0.1304030917	0.1218852056	-0.0307533228	-0.0800850348	-0.0390122796	0.0564237342	-0.1357928097	0.0544442348	-0.1771249558	0.1525399229	0.0219458236	0.0183053328	-0.0074386343	-0.0284101644	0.1155651064	0.1039539485	0.0854583468	-1.51809e-05	-0.0035497709	1.2600873442486813e-05	2.3045972481e-10	0.0118021	-0.0288491	0.0001392895644099	0.0008322705708099	-0.0606695	-0.0249033	0.00368078823025	0.00062017435089	-0.000543838	0.0	0.0	2.95759770244e-07	-0.000998938	-0.0001860759999999	3.4624277775999995e-08	9.97877127844e-07	-1.20498e-05	0.0001382291999999	1.4519768003999998e-10	1.9107311732639996e-08	0.0
280.7601307271296	1.0066859061141713	78826.25100591489	1.0134165135689102	308.64955439291583	1.2301862209172896	95264.54742694552	1.5133581381347625	191.131638718284	0.3535827206537476	0.1250207403449061	36531.30331913664	191.1222658477651	317.8681818674356	1.217325	24.824038	0.0391047015	0.0264361	-0.0437229712	-0.0948518731	-0.1759662011	0.0330656816	0.1087769611	0.0243457873	0.1258795886	-0.0357299118	0.0762658245	-0.0534397602	-0.1333880618	0.0786783184	0.0897478584	-0.0462539707	-0.1021919735	0.049017202	0.1109715329	0.075359083	-0.105889609	-0.0015970717	-0.0371135481	-0.0523038115	0.0582857705	0.0523548575	0.0337071938	-0.1114740844	-0.1549718523	0.1604050839	0.0522574903	-0.0259803756	-0.077623739	0.001102582	-0.0596948238	0.0374066891	0.0104475282	-0.0810239967	0.1731562965	0.1942653129	-0.0492143905	-0.0125447813	0.0280859953	0.0927444883	0.2025106178	-0.0164758456	-0.0309828183	-0.0962743197	0.1629556899	0.0745286629	0.0695316355	-0.0373219559	-0.1087031968	0.1611603269	0.0261543165	0.022875465	0.0786056953	0.0388212215	-0.0043888904	-0.0218787225	-0.0971381742	-0.0523425915	0.0542434547	-0.0750816788	-0.1105671116	-0.0815808526	-0.0282977336	-0.0811965969	0.1019614453	0.0068545602	-0.0469248597	-0.0657710072	0.0509602186	0.0560956066	0.0103455651	-0.0967067609	-0.1372459831	0.1589042108	0.0757907977	-0.1028760721	-0.0591539694	0.0062552924	-0.0587755181	0.055763858	-0.0041248838	-0.0780521038	-0.1458573451	-0.1697011174	-0.0792079583	0.0961732818	-0.0115695838	-0.1006973403	-0.2017252785	-0.0709205341	-0.0328183921	-0.0563722215	0.049112507	0.1752154785	-0.0565478724	0.0380453946	0.1339781561	0.1533005019	0.0469640571	-0.0113529824	0.0234968169	0.0745502887	0.0071138522	0.0269806741	-0.0216069479	-0.1018908112	-0.0841935468	0.0387071155	-0.0534496941	0.1239624825	0.0014772158	-0.0587217652	-0.1256542708	0.0437384214	0.0792669959	-0.0779045381	0.0191375152	-0.0604057517	-0.0368018286	0.135070145	0.0705314153	-0.0600252026	-0.0214676222	-0.1096995056	0.0996495622	-0.0169350414	-0.0088708759	-0.0902140259	-0.0085613781	-0.1399909805	0.126248611	-0.0226789987	-0.0542395482	0.0379843987	0.0132977564	0.1148515874	0.1012028987	0.0796436494	1.33706e-05	2.85515e-05	8.1518815225e-10	1.7877294436e-10	0.0342458	0.0224437	0.0011727748176399	0.00050371966969	-0.0739183	-0.0132488	0.00546391507489	0.00017553070144	-0.000543838	0.0	0.0	2.95759770244e-07	-0.000998938	0.0	0.0	9.97877127844e-07	5.56232e-05	6.7673e-05	3.09394037824e-09	4.579634929e-09	0.0
280.63189962687403	-0.1282311002555616	78754.2630881879	0.0164432150727518	309.1513270917813	0.5017726988654658	95574.54304260956	0.2517758413267335	191.11383199190948	-0.0178067263745163	0.0003170795041768	36524.4967786318	191.10566368185687	319.60236612126613	1.171145	23.882322	0.0739301794	0.0408496	-0.1488013835	-0.0669777897	0.0422762546	0.1219043825	0.0541056728	0.056101131	-0.0922946817	-0.1120728236	0.0166371601	-0.0749247534	-0.0657863624	0.1173084697	0.1031322207	0.0435695074	0.0337361006	0.0255376469	-0.0849331846	-0.1023043657	0.0827736385	-0.0415716971	-0.0243527352	-0.0818749576	-0.0210589751	-0.0704138554	-0.1011206636	0.0008493216	-0.105784209	0.0825392437	0.1225212922	-0.1069710331	0.1628524095	-0.0961145098	0.0816124522	0.0110181381	0.1009027106	0.0080366151	0.0685640594	0.133950757	-0.0439091966	-0.0199439959	0.1502062632	-0.0451250447	0.0748542116	0.0333158802	-0.0729203198	0.1102030543	-0.1128334669	0.0094435113	0.0164106402	-0.021378904	-0.0970695253	0.0200457913	-0.0515867378	-0.0410002884	-0.145052787	0.09912354	-0.0796994551	-0.0176580463	0.0128891604	-0.0021559258	0.0330415486	0.0040177383	-0.0203479974	-0.0365968445	0.0136320467	0.1076978182	-0.072241308	0.0465042303	-0.0450572334	-0.0766563243	-0.0337809717	-0.0718640039	-0.1169887591	0.0086374121	-0.0966644045	0.082136182	0.1190468571	-0.0568664334	0.1571335046	-0.1566583459	0.0656886549	-0.0006568506	0.0635652583	-0.0222230873	-0.0176720855	-0.1277048853	-0.1280964481	0.075542684	-0.0518261799	0.056637717	-0.0703947733	0.0212850151	0.1316656442	0.0122570786	-0.0634932795	-0.1330097875	-0.0360612984	-0.010797109	0.0881614579	0.0032250021	-0.025814386	-0.0945840359	0.0592726192	-0.1561030677	0.0194009965	0.0085632253	0.0363416158	-0.0007360367	0.0141746731	0.0201761526	-0.0669356142	0.0526056042	0.0581098018	-0.0473024254	0.0845510617	-0.0111370493	0.0770328777	0.090334369	0.0299692305	-0.1108615409	-0.0114195833	0.0027162075	-0.0257842767	-0.2066070915	-0.0784794359	-0.0267705715	0.1235415151	-0.0189902678	0.0803221503	-0.019913312	0.022627288	-0.0485285785	-0.0156735182	0.051620906	-0.031593574	0.0189157776	-0.0738509416	0.1140802373	0.0982480398	0.0734681463	0.0136418	0.0136284294	0.0001857340879107	0.00018609870724	0.0567581	0.0225123	0.0032214819156099	0.0005068036512899	-0.0508787	0.0230396	0.00258864211369	0.00053082316816	-0.000838835	-0.0002949969999999	8.702323000899997e-08	7.03644157225e-07	-0.000998938	0.0	0.0	9.97877127844e-07	5.56232e-05	0.0	3.09394037824e-09	0.0	0.0
280.2434538270281	-0.3884457998459538	78536.39341290161	0.1508901394179628	309.2685365339568	0.1172094421755218	95647.0276898554	0.013738053335097	191.17437918743684	0.0605471955273628	0.0036659628862287	36547.643257701886	191.1761666852759	317.5448125145035	1.180803	24.079252	0.04795271	0.0319174	-0.0565179729	0.049425583	-0.0634807061	-0.0121318268	-0.0541273634	-0.0316486446	-0.0183519573	0.0694149044	0.0499278194	-0.0853088887	-0.0469586528	-0.0036235105	-0.1825036817	-0.0585326942	0.1311881178	-0.0029503632	-0.1149273711	0.0492547171	0.0680365395	0.0581651656	0.0330805765	0.0492856076	0.0602470807	0.0381998115	0.0666295564	0.1778635626	0.0129712671	-0.013748766	-0.0374984339	0.166260515	0.0116669227	-0.0198227415	-0.119105707	0.0437145112	0.0672135057	-0.0905672075	0.0674665636	0.0556437705	0.0618710292	-0.0419643934	0.0367265646	-0.0328428397	-0.224302205	0.1935934647	-0.051165673	-0.1264300887	0.0155461339	-0.0457823773	-0.0399729598	0.0564703624	0.0611944472	-0.0051733916	0.0007229084	0.0309488316	-0.100267611	0.0806899902	-0.1390683386	0.0061230814	-0.1529692504	-0.0034309926	-0.0030226388	0.0248133767	0.0889197854	-0.0477977462	-0.1204488722	-0.0482080217	-0.0751058235	-0.0490206455	0.0413754855	0.0293347709	0.068347917	0.033061994	0.0570347545	0.1065909557	-0.0202335111	-0.0632633579	0.0025569626	0.1901465375	-0.0536111691	6.51523e-05	-0.134792402	0.0589702112	0.0344496968	-0.1125072249	-0.0446730107	-0.1132241823	-0.0768988891	-0.0373694626	-0.0469960905	0.1054760479	0.1851048474	0.2276751461	-0.0398662806	-0.0574083671	0.099557004	0.045677508	0.0484076723	0.009905794	-0.0233913436	0.0286670375	0.0254156779	-0.1111261442	0.1231398847	-0.0949501849	-0.0364823749	0.0516240461	-0.0760392723	-0.0143907337	-0.0961180396	0.0035285969	-0.0807783784	-0.0304955372	-0.1270715508	-0.0430229929	0.0254233583	-0.0838140288	-0.0341463073	-0.0884872521	-0.1085423488	0.0561682409	-0.0334651988	-0.0495664195	0.0925853837	-0.1872953549	0.0450922615	-0.0630249027	0.0269892289	-0.0180514595	-0.0480694212	-0.0099172028	0.0360167026	-0.0231287942	-0.1480213932	-0.0530173928	0.1249284384	0.0614303008	-0.0786953519	0.1132514443	0.0950953223	0.0669598143	0.0074144399999999	-0.0062273600000001	3.8780012569601255e-05	5.497392051359852e-05	0.0308861	-0.025872	0.00095395117321	0.0006693603839999	-0.0497752	0.0011035	0.00247757053504	1.2177122500000006e-06	-0.000543838	0.0002949969999999	8.702323000899997e-08	2.95759770244e-07	-0.000998938	0.0	0.0	9.97877127844e-07	5.56232e-05	0.0	3.09394037824e-09	0.0	0.0
279.7491821948521	-0.4942716321759803	78259.60493868856	0.2443044463739076	308.0039743330701	-1.2645622008867008	94866.44820496652	1.599117559911417	191.27928124296523	0.1049020555283846	0.0110044412540802	36587.76343282539	191.29340523319925	312.84650087130444	1.117011	22.778395	0.04534115	0.0236085	0.0299701218	-0.0951346571	-0.024676301	-0.0253875203	-0.0174290381	-0.028462079	0.0465216827	-0.0699294809	0.0436966279	0.088396498	-0.1052097086	-0.0242420023	-0.0092406621	0.0691834014	-0.0182712698	0.067400888	-0.0257079215	-0.0425635157	-0.1476044031	0.0734503898	-0.012481243	-0.0360091154	-0.0168517007	0.0699078958	0.0662018101	0.0761661867	-0.0225974782	-0.096300553	-0.1505369677	0.0938731018	-0.0302669277	-0.0494565228	-0.0459532301	0.0636588532	-0.0315624714	-0.0413286108	0.0817151382	-0.1023078765	0.0570634723	-0.0238635296	-0.0436428399	-0.1516346745	0.09106144	0.0401099062	-0.0260757399	0.0527740293	-0.0067100567	0.0721990819	-0.0255135181	-0.0007376545	0.0121591183	-0.0428797964	0.0028044393	0.0422917398	0.0413600498	-0.0304308751	-0.076633507	-0.0262142554	-0.0210852365	-0.0437255281	-0.0944401447	-0.174384433	-0.0250361791	-0.0721394468	-0.0453502534	0.0336970204	0.1520398274	-0.0758733022	-0.0096262631	-0.0291597144	-0.0150287663	0.0607228694	0.0623645714	0.0719002533	-0.0509856811	-0.0693200157	-0.1577311213	0.0891973833	-0.0894921238	-0.0431939823	-0.0437494372	0.0853160372	-0.0328392698	-0.0423813002	-0.0934668874	0.0708910068	0.0893044087	-0.0500191903	-0.0101599643	0.1001211241	-0.1069485918	0.0391460976	0.0829766167	0.0754664546	0.0156113135	0.0101974482	-0.0122110508	-0.0319049555	-0.0491954024	-0.0536666238	0.0238735059	0.0058579628	-0.0451925722	0.0333654404	-0.0524414391	0.0608497577	0.0678987442	-0.0972807542	-0.1247196197	-0.0581222459	-0.1425430228	-0.0265290631	-0.0799010184	-0.0504171839	-0.0490106735	-0.0185413491	0.0965349252	-0.0707548909	0.1091557789	-0.0165579364	-0.0453693093	0.0168921717	0.0196736296	0.0202831535	0.118107362	-0.0971568909	-0.0112813048	0.0625795719	0.1052166031	-0.1104381019	0.0151609077	-0.0203869639	-0.0730181542	-0.0789377388	0.0004587841	0.0126116717	-0.0568974294	0.1123656258	0.0917510955	0.0601481375	0.00254628	-0.0048681599999998	2.369898178559902e-05	6.4835418384000005e-06	0.0358772	0.0049910999999999	0.00128717347984	2.4911079209999985e-05	-0.0652569	-0.0154817	0.00425846299761	0.00023968303489	-0.000543838	0.0	0.0	2.95759770244e-07	-0.000693366	0.000305572	9.337424718400002e-08	4.807564099559999e-07	0.000150055	9.443180000000002e-05	2.2516503025000005e-08	8.917364851240004e-09	0.0
279.9157735308518	0.1665913359997262	78352.84027137513	0.0277526732301736	307.7510983706287	-0.2528759624414078	94710.7385483284	0.0639462523806683	191.18382389707548	-0.0954573458897414	0.0091121048843137	36551.25451990797	191.20397097421235	312.6879574109198	1.057133	21.557344	0.0355112437999999	0.0249306	-0.076153902	-0.047891639	0.1196978834	-0.0314805136	0.044600345	0.101106393	-0.1125310021	-0.0609897272	0.015210103	0.056743066	0.0005709813	0.1106561414	0.0289633384	0.027713627	0.0121440265	0.0782486555	-0.024788849	-0.1066201878	0.0988979298	0.0967428989	-0.0252417138	-0.0267838848	-0.1077130732	-0.0787562784	-0.0133644677	-0.0725999807	-0.0048393158	0.0069857141	-0.0315777309	-0.0519397079	-0.0244976126	0.0846034035	-0.1173468248	0.0624970869	0.0282256221	0.141314098	0.1789766242	-0.2325621639	0.0193235378	-0.12083274	-0.0874150454	-0.0177808591	0.0657043421	-0.0130939894	-0.018458264	0.1391984128	-0.1564400406	0.0050544291	0.1154135509	-0.1110659834	0.0132114526	0.108396748	0.126527225	-0.0017592827	-0.0257345522	-0.0498052	0.0211809825	0.0281018723	0.1119572691	0.0006775596	0.077388571	0.0872840668	0.1324611447	-0.0263728122	-0.0475984171	0.1104827158	-0.0925816837	-0.1007885607	-0.0272558689	-0.0087474535	-0.1205741792	-0.0603332555	-0.0483471798	-0.0588076817	-0.0086100959	0.0208755081	-0.0406098327	-0.0866644127	0.0127554681	0.068887739	-0.0581338131	0.1125877927	0.1229521032	0.0630623763	-0.2137331053	0.1648817216	0.1352394433	-0.057469713	-0.0812319155	-0.0502842544	-0.0183457337	0.0489529779	0.0881545591	0.0418703046	-0.1400924162	-0.1195877536	-0.1291585906	0.0499753113	-0.0572199831	0.1389534839	0.023032999	0.1164177372	0.0086426085	-0.0461038944	-0.0100302928	0.0511894476	0.0339510307	0.1094850705	0.1068054255	0.0817817309	-0.0492117509	-0.0467750116	-0.0728636512	-0.0976886646	0.0794047763	-0.0266803169	0.0779149792	0.111794238	0.0525043625	-0.0677513199	-0.0562175123	0.0770476472	0.0474526512	-0.042728242	0.0084980486	-0.1350180547	0.116230597	0.0764089641	-0.1362686534	-0.0846521637	-0.0437508886	-0.1881275051	-0.0424945293	-0.0635210676	0.0038139142	-0.0072044615	-0.0112024406	0.1114232278	0.0882220943	0.0530639746	5.23762e-05	-0.0024939038	6.219556163654441e-06	2.74326632644e-09	0.0601103	0.0242331	0.0036132481660899	0.00058724313561	-0.0684269	-0.0031699999999999	0.00468224064361	1.004889999999995e-05	-0.000543838	0.0	0.0	2.95759770244e-07	-0.000675513	1.7852999999999966e-05	3.187296089999988e-10	4.56317813169e-07	5.56232e-05	-9.443180000000002e-05	3.09394037824e-09	8.917364851240004e-09	0.0
280.6089961754	0.6932226445482002	78741.40873456566	0.4805576349144002	309.1935696448544	1.4424712742256816	95600.66350972744	2.080723376966261	190.97186973913392	-0.2119541579415624	0.0449245650687168	36470.25503166074	191.00152691213952	315.9733304270782	1.199645	24.463499	0.1105201488	0.0577656	-0.1294445629	0.1104060586	0.0112091007	0.0304640766	-0.0639382419	0.1274107376	-0.0951277638	0.1191419228	0.0337437599	-0.106363168	0.0051130858	0.1185641569	0.0024738196	0.0740264002	0.0710997349	-0.0438376301	0.0064049429	0.0122169498	0.0813045681	-0.0508396993	-0.0804276799	-0.1022787909	0.0555460583	0.06113782	-0.1266615804	-0.0418705475	0.0326446797	-0.0069315638	-0.1147273715	0.0742417213	0.1014787248	0.0339501365	0.1964109084	0.095984849	0.1011114681	-0.1872764156	-0.0352026583	-0.0690151935	-0.0322124616	-0.0006793418	-0.1685213176	-0.0418016035	0.0334765406	0.0060507554	0.0983297713	-0.1603744608	0.1780797079	-0.0395987032	0.0446399259	-0.0940389744	-0.0914239481	-0.1276379019	-0.0441415157	0.0202076529	-0.0860372575	-0.0809286461	0.0801169291	0.0129521787	0.0615227486	-0.0274598786	0.0409134678	-0.12058032	0.0871343134	-0.0415544647	0.0996879578	-0.0092628519	-0.0884187329	0.0468388585	-0.1174248578	-0.1147952458	0.0573073686	0.0306679971	-0.1354054692	0.0032585609	0.0599142174	0.0374280621	-0.0829562419	0.1357812113	0.0296114556	-0.0402832642	0.1907688922	0.1494809828	-0.0183338959	-0.1456531364	0.1034968206	0.0372069079	0.1033243543	0.0678929618	0.0707501697	0.0188008258	-0.0278438736	0.0486080828	-0.1658997325	-0.0858330288	0.0056195797	0.1935980106	-0.1209076419	-0.0215259749	0.0420570715	-0.1620103967	0.0217566914	0.0707654599	-0.1606050966	-0.0501433106	0.0342728749	-0.0539321815	0.0156309969	-0.0188791739	0.0226744804	0.0587535899	-0.0892943697	-0.0573261839	0.1113899704	-0.0473200273	0.037725081	-0.094306192	-0.0421395523	0.0180091018	-0.0926052034	-0.1080358601	0.1592361527	-0.0305528642	-0.0272504536	-0.1143023419	0.0033127254	0.043600986	-0.1348913442	0.1674525096	0.1673159547	-0.1117871903	-0.1177971574	0.0691078202	-0.0665287556	-0.2147777308	-0.1493329078	-0.0204454356	-0.0302561875	0.1104247249	0.0845154255	0.0457394187	0.00438324	0.0043308638	1.875638125415044e-05	1.92127928976e-05	0.0156424	-0.0444679	0.00024468467776	0.0019773941304099	-0.0417595	0.0266674	0.0017438558402499	0.00071115022276	-0.0008700799999999	-0.0003262419999998	1.0643384256393473e-07	7.57039206399826e-07	-0.000998938	-0.000323425	1.04603730625e-07	9.97877127844e-07	4.2105e-06	-5.14127e-05	1.772831025e-11	2.64326572129e-09	0.0
280.4046120722381	-0.2043841031619422	78626.74647138233	0.0417728616253114	309.6307791329657	0.4372094881113071	95871.21938648738	0.1911521364945512	191.09582143333355	0.1239516941996328	0.0153640224949592	36517.6129692805	191.1159431440988	316.7227780173075	1.319263	26.902777	0.219940615	0.111705	0.0246500726	0.0918274456	-0.1071596064	0.1615228993	-0.1848009699	0.0762777195	0.0596654328	0.1046176895	-0.0664532488	-0.1185892161	0.028413792	-0.0386945599	0.0192435087	0.2003128644	0.113964346	0.1115362381	-0.2190291589	0.0744314371	-0.0222578379	-0.0706360946	0.0962381877	0.1451718244	-0.1400709682	-0.0256335386	-0.0728222024	-0.0608254064	-0.1597175212	-0.0294360733	-0.1235462836	0.1165769276	0.0253684719	-0.027189629	0.0464332168	0.0177594417	-0.0308030908	-0.0347260639	-0.0287467132	-0.0322426047	-0.0819069039	-0.0277488204	0.033075444	0.022206996	-0.0022614999	-0.1804813424	0.0445398339	0.0445532772	0.0015219115	-0.1639753777	-0.135578771	0.0775493833	0.0971339019	-0.088910635	-0.0691099343	0.1816323583	-0.0108322889	0.108770166	-0.0319695522	-0.0129400062	0.0924003071	0.0212271209	0.0624581625	0.0247106383	-0.1821368935	0.0855357729	0.1169582383	-0.0789230757	0.0190387898	0.075368708	0.0917128588	0.1324200043	-0.1004182006	0.0173218532	-0.135848768	-0.0550493672	-0.1266672115	-0.0063685403	-0.0796595136	0.1174989086	-0.0799246462	0.0046981306	0.066289233	0.006679796	-0.063285147	0.0118660078	0.0173193825	0.0414085625	0.0123976684	0.0812545711	-0.0385143437	0.005702784	0.0700964663	-0.1578738093	-0.0630650771	-0.1032214559	-0.1733611433	-0.0089132541	0.1589438773	-0.0777060159	-0.1044010572	-0.0950777781	0.1121345322	-0.1827438542	-0.0087825665	0.0256366286	-0.0121531347	-0.0063961038	0.0550374148	-0.0945855319	0.0903240833	-0.022679114	0.1255849261	0.0741924588	0.0459850301	0.1617480726	-0.0979510121	-0.1190570743	0.0703271905	0.0274927129	0.0233783322	-0.0452479572	0.234184956	-0.0282860367	-0.08552811	-0.0254717102	0.1640499976	0.0484227492	0.1218327737	0.2177895298	0.1775316272	0.1648575432	0.1082957089	0.1418176854	-0.0694066822	-0.1248318286	-0.1399266429	0.1337976021	0.0079250921	0.1093706198	0.0806385538	0.0382076517	-0.0161794	-0.02056264	0.0004228221637696	0.00026177298436	0.0519548	0.0363124	0.00269930124304	0.00131859039376	0.0163119	0.0580713999999999	0.00026607808161	0.0033722874979599	-0.000728166	0.0001419139999998	2.0139583395971607e-08	5.302257235560001e-07	0.000793802	0.00179274	3.2139167076000004e-06	6.30121615204e-07	-0.000161019	-0.0001652295	2.5927118361000005e-08	2.7300787670250003e-08	0.0
279.89444588318	-0.5101661890580544	78340.90083625239	0.2602695404580185	308.69179473275926	-0.9389844002064364	95290.62413533198	0.8816917038310412	191.243581252048	0.1477598187144337	0.0218329640265223	36574.10737010868	191.25033637322687	313.242101570948	1.201032	24.491776	0.069313165	0.0352333	0.0913545652	0.0359276104	-0.0897648216	0.0435463838	-0.1318904774	0.0607680327	0.1224345595	0.0330468903	-0.0681686213	-0.0873340066	0.0412865801	0.002067956	-0.19623979	0.0512281576	0.187143133	0.1047602072	-0.0491839006	0.0888589236	-0.0530336782	-0.0015196756	0.0665306212	-0.0247906475	-0.18877633	0.1019622248	-0.0296886545	0.0720149359	-0.1491032695	0.0777802153	0.0217838127	-0.0414338114	0.0371826629	-0.1031289796	-0.0508559214	0.0973846126	-0.2180449705	-0.0191703124	-0.1911705168	-0.0190109088	0.0078124592	0.1268261254	-0.0386362331	0.1004504508	-0.099897045	0.0735182127	0.0476853327	-0.0825568161	-0.0989739841	-0.1997401608	-0.1064500645	0.0066044518	0.0183516865	-0.0338672021	0.2555597985	-0.0774456467	-0.1020436631	0.1110877528	0.0164982188	-0.137633693	-0.026875647	0.0253820807	-0.1302832067	-0.0001549901	0.0217738405	0.0154584927	0.0538705468	-0.0919217866	0.049272631	0.0175098262	0.0718736678	-0.0263910813	-0.1752367295	0.1139264357	-0.0514619065	0.0846187861	-0.1568545119	0.0668059122	0.0340251263	0.0226934599	0.0741144352	-0.0433321489	-0.1245798042	-0.017232781	-0.2395509322	0.0981926749	0.1549494121	0.0461862543	-0.0683594846	-0.0964424782	0.0742863783	-0.0533845717	0.0969050238	0.1007767321	-0.134873585	-0.1446486437	-0.0619701867	-0.0857664167	0.0577922897	-0.0579731587	-0.0500885321	0.0052015098	0.0904991725	0.1680736588	0.2225066564	-0.1042901992	-0.0176094551	-0.1208924129	0.0784425754	0.0053630088	-0.0688112381	-0.0988903044	0.0288841198	-0.0343169734	0.0141043346	0.093674184	0.0159815746	-0.0871662657	0.1074476341	-0.0914533453	-0.1438740458	0.0479455815	0.1061001477	-0.0103677815	0.1159725948	0.0388388284	0.0758067306	-0.1516171732	0.0846432734	0.0159675553	-0.100228813	0.1220173829	-0.0654438349	0.0966093629	-0.210582869	0.0124024797	0.0209500638	-0.0686063799	-0.0039293399	0.1082614433	0.0765992869	0.0305027946	-0.0035757	0.0126037	0.00015885325369	1.278563049e-05	0.0473326	-0.0046222	0.00224037502276	2.136473284e-05	0.0132785	-0.0030334	0.00017631856225	9.20151556e-06	-0.000433271	0.000294895	8.696306102500002e-08	1.87723759441e-07	0.000233888	-0.000559914	3.13503687396e-07	5.4703596544e-08	-3.47507e-05	0.0001262683	1.20761115049e-09	1.5943683584890003e-08	0.0
279.9079413817413	0.0134954985612694	78348.45564856433	0.0001821284814172	308.7278822694944	0.0360875367351241	95312.90529060678	0.0013023103076089	191.1263913375492	-0.1171899144987946	0.0137334760602348	36529.297465714	191.12996019960613	311.28971928799723	1.059654	21.608747	0.1221742316	0.0651952	0.0862702588	-0.0511959346	-0.0571740865	0.0002055656	-0.1734361228	-0.031028762	0.1151443434	-0.0615860532	-0.0311510585	-0.0743075798	-0.033691514	-0.1297422048	-0.097246707	0.092950908	0.0143774474	0.0478975854	0.2339221267	0.004955669	-0.1511132732	0.0073292368	-0.0278930368	-0.0383305589	-0.0307283998	0.0732997929	0.0797259646	-0.0162505679	-0.0292786736	-0.0314039763	0.0520497946	-0.0869341807	0.0220053922	0.0142420731	0.0084768953	0.1082095573	-0.0227828938	0.0428225469	-0.0474135025	-0.0250123218	-0.1679397968	0.0908562183	-0.1206921338	-0.0901903495	0.1673291254	-0.0166587922	0.0213112322	-0.0567455328	-0.0522100461	-0.0147928911	-0.0374750511	0.1162968669	0.0881551214	-0.025974847	0.0504974476	0.0781088362	-0.0992954331	-0.1410567373	0.0922340845	-0.0489645691	-0.0825003624	0.1230966579	0.1188811733	0.0502039105	0.0621737978	0.1077802613	-0.0881248091	-0.008599461	0.1543594738	-0.0069494539	-0.014384521	-0.0218446437	-0.0401127155	0.0610794791	0.0828083441	0.0043694687	-0.0370348664	-0.0358294495	0.007986826	-0.0835493391	0.0859261281	-0.0184780158	-0.0050409318	0.1153621267	-0.0303099122	0.0747118981	0.0230984459	0.111725611	-0.0031674116	0.1079941489	0.1673733396	0.0333384106	-0.1571541655	-0.0318862157	-0.0234412376	-0.0928452281	0.0169965235	-0.0351598344	0.0925296064	0.0294205859	-0.1038077881	-0.015860542	0.109831579	0.0677177198	-0.0622283874	-0.080226289	-0.0659619666	-0.0626782942	-0.2223667327	0.0024202815	0.067549598	-0.0103582787	0.0473491667	-0.1097184244	-0.0450191471	0.0320199219	-0.0163747543	-0.0660502829	0.0366112729	-0.2077713396	0.0246243886	-0.0006124418	-0.0009560217	0.0424035691	0.0955736641	0.0717596035	-0.0799838813	-0.0831879737	-0.0593516136	0.0953669909	-0.0007149229	0.0333942051	-0.0466580349	0.108713592	0.0188176317	-0.0412130208	-0.0342429922	0.0176180039	0.0238700197	0.1070977539	0.0724057592	0.0226597522	5.18816e-05	0.0036275815999999	1.3159348264658556e-05	2.69170041856e-09	0.00535375	-0.04197885	2.86626390625e-05	0.0017622238473225	-0.02467	-0.0379485	0.0006086089	0.00144008865225	-0.000166428	0.000266843	7.1205186649e-08	2.7698279184000005e-08	-0.000257132	-0.00049102	2.411006404e-07	6.611686542399999e-08	-4.92737e-05	-1.4523000000000005e-05	2.42789751169e-09	2.1091752900000007e-10	0.0
279.6293215382316	-0.2786198435097162	78192.5574639317	0.0776290171973787	308.4555152604818	-0.272367009012612	95144.8048946093	0.0741837875984762	190.98277106635672	-0.143620271192475	0.0206267822974	36474.41884418442	191.0108826576308	313.33067765430934	1.152855	23.509335	0.0303170084	0.016181	0.0094660827	-0.0500495442	0.0799672097	0.0555994524	-0.0938673729	-0.0395720172	-0.0503496347	-0.0911111652	-0.0470272699	0.0019820586	-0.0570483791	-0.0058427519	-0.040319303	0.1211571198	0.0681547732	-0.1168388437	0.0312191434	-0.1253455862	0.0134306571	-0.0379808013	-0.08390292	-0.1005778173	0.1965123132	-0.0929716959	-0.0961147886	0.0377939916	-0.0053814723	0.1080262159	-0.0799841819	0.0960372081	-0.041379054	0.0520646768	-0.0723279998	0.1070555423	0.046684657	0.1270745954	-0.2212097427	-0.051600243	-0.0639670515	-0.0618213443	0.0525327594	-0.0005985923	0.015160246	-0.1300509946	-0.0665008174	0.036655335	-0.0240968415	-0.082452828	-0.0179687154	-0.1664062627	0.1270228315	-0.1020999741	0.0489959415	-0.1156451924	0.1033340786	-0.0629209908	0.0845694398	0.1107300528	0.030336606	0.087489996	-0.0469859201	-0.0989769271	-0.1406657896	0.0961679229	-0.2002004713	0.1237731237	-0.0091635299	0.032667295	-0.0948999857	-0.0873870988	0.1707074775	-0.1419114659	-0.0534581464	0.0743968954	0.0166154764	0.1016503062	-0.0196470565	0.0658266806	-0.0856247334	0.0665352142	-0.0854010625	0.1172181715	0.0587378636	0.1695000821	0.1873030223	0.0893999959	0.0288665774	0.0713820068	-0.0650105494	0.0164417599	0.0561087538	-0.1349816395	0.0790426535	-0.0626982437	-0.1003065924	-0.005865703	-0.0809654232	-0.0922856246	-0.1004340742	-0.0241915711	-0.1199953269	0.1300060249	-0.0278647567	0.1416937257	0.1230737535	0.0168795667	-0.0578316028	-0.1232817563	0.009785161	-0.1560323584	0.1183113923	0.0724531297	-0.1295154471	-0.0028230882	0.0748218291	-0.0802998292	0.076055269	-0.1021476179	0.0701325178	-0.1173268835	0.2280900347	-0.1421712826	0.0230175356	-0.0277490138	-0.1263791382	0.0630075511	-0.1259548668	-0.1313268807	0.1996249357	-0.0204959801	-0.2027089723	0.0302179007	-0.089337837	0.1917304913	-0.0094561434	-0.1418815769	0.0420622669	0.1058801375	0.0680664159	0.0147140554	0.0089888499999999	0.0089369683999999	7.986940418259679e-05	8.079942432249821e-05	0.00232546	-0.00302829	5.407764211600001e-06	9.1705403241e-06	-0.0143156	0.0103544	0.00020493640336	0.00010721359936	-0.000221478	-5.504999999999998e-05	3.030502499999998e-09	4.9052504484e-08	-0.000257132	0.0	0.0	6.611686542399999e-08	5.56233e-05	0.000104897	3.09395150289e-09	1.1003380609e-08	0.0
278.6363131740583	-0.9930083641733064	77638.19501923188	0.9860656113181456	306.70714789571485	-1.748367364766921	94069.2745703239	3.0567884421820266	190.4950760440184	-0.4876950223383289	0.2378464348135831	36288.37399701635	190.5312834622929	308.68262670897985	1.307704	26.667067	0.1829013557	0.0878367	0.114045983	0.0934905922	0.0421464621	0.0591348206	-0.0143565314	-0.0855796066	0.0050465043	0.0881887811	-0.1411831843	0.1092375642	-0.0592159212	-0.0129143124	-0.043949614	0.062406301	-0.0319601479	0.0362942713	-0.1838883508	0.0257870385	0.0453868449	-0.2033661702	-0.0170979024	0.0681719414	-0.0314685264	-0.0835302084	-0.1187422017	0.1249347242	0.0071659149	0.0197451589	-0.08423048	0.0162335385	-0.1216761631	-0.1033497065	0.0935192195	0.1087770774	-0.1861094463	0.135713545	0.0303653776	-0.1523848334	-0.1157743822	0.1819943286	0.0543498329	0.0666428755	-0.1120920393	0.1466986207	0.0271422022	-0.1201005903	0.1446822517	-0.0396304079	0.0541830889	-0.0522561622	-0.0214002861	-0.0338367805	-0.1811891818	0.0420050959	-0.0409870713	-0.0420622928	-0.05951737	0.1952033544	-0.0558327943	-0.0448793452	0.101665201	-0.1069881958	-0.1056823611	0.082002706	-0.0256030025	-0.0261495128	-0.0370119632	0.1951249633	-0.0221959274	0.1058215485	-0.0363681856	-0.0858995865	-0.0784657459	0.1302482419	0.0397834701	0.034444955	-0.0370889197	0.0096188475	-0.1351064918	-0.0804087369	0.0420320392	0.0226018667	-0.1510755141	0.170642009	-0.0715807271	0.2030882754	-0.2323914369	-0.0880599297	0.0563299007	-0.0160385316	0.1134901299	0.1043315978	-0.1355951177	-0.0706023585	0.05114133	0.1445015145	-0.0768928107	0.0019068476	0.0416540549	-0.0875885038	-0.0459259768	-0.1441103757	-0.1407933303	0.009204522	0.1096910879	0.1248484637	-0.0877523415	-0.1103257424	-0.0356197591	0.0589756975	0.0557221821	0.0747912584	-0.0010578282	0.1322506928	-0.0519728401	-0.1399457667	-0.0425179155	-0.0497234756	0.1270194381	-0.0040553177	0.2830168625	-0.1719380064	-0.1094353423	0.1073032913	0.1865598952	0.1331718981	-0.0429958876	-0.0840155819	0.0103097049	0.1401717941	0.145530762	0.0252086307	-0.028656731	-0.0869632834	-0.3102795569	0.0547358134	0.2861852018	0.1046092073	0.0635899959	0.0067017003	1.44993e-05	-0.0089743506999999	8.053897048658871e-05	2.1022970049e-10	0.029155	0.02682954	0.000850014025	0.0007198242166116	0.0361463	0.0504619	0.00130655500369	0.00254640335161	-0.000695215	-0.000473737	2.2442674516900002e-07	4.83323896225e-07	0.000864692	0.001121824	1.258489086976e-06	7.47692254864e-07	-0.000281527	-0.0003371503	7.9257451729e-08	1.1367032479009001e-07	0.0
278.9869543486337	0.3506411745754008	77833.72069672661	0.1229492333076166	304.8801732047961	-1.826974690918746	92951.92001338648	3.337836521257648	190.6756222009527	0.1805461569342981	0.0325969147837442	36357.19290172044	190.6742142194788	302.03366546003366	1.455542	29.681812	0.2266963007	0.1287	0.2466342507	0.1084074533	-0.041985452	0.0907669988	0.0201461077	0.197607969	0.1373257289	0.0906423216	-0.3261802781	-0.0748198833	0.1053418301	0.1262374601	0.069060462	-0.1128255776	-0.243799558	-0.0239948592	-0.0496908828	0.1855909501	-0.0488686673	-0.2415185091	0.1962303937	0.1019135377	-0.0779664983	0.0827702118	-0.0306966951	0.0560189097	0.0247392471	-0.0281434216	-0.0090658982	-0.0236052412	-0.0142058972	0.0145472223	-0.0729425864	-0.1713226915	0.0924645768	0.0377742256	0.1379893341	0.0369297924	0.0080061639	0.068541186	0.0460520882	-0.092307829	0.0284293858	-0.2080369414	-0.0102773054	-0.0693262044	0.0522921276	-0.0574359978	-0.0293102009	-0.0318964158	0.1288586177	-0.1243620034	0.0184834261	0.0194820348	0.1194284537	-0.097122371	0.0362501599	-0.1020870231	-0.0811881783	0.0862599276	-0.1075750815	-0.0281453252	0.0315069686	0.1139522492	-0.0924592015	-0.1764290764	0.0367446265	0.2580796284	0.1877446878	0.0706576336	-0.075954008	0.0974812095	-0.0281779913	0.0547372243	0.0345727079	-0.0366151367	-0.012277212	-0.0199998219	-0.0053893592	0.034850987	-0.0288645953	-0.1454339186	0.1527570217	-0.0303320075	-0.1381610786	-0.0651675804	0.0211410986	-0.004115658	0.0622794096	0.1215045698	0.0085348426	-0.2176396215	0.0079855148	-0.0834969012	-0.0294314929	0.053902656	-0.0234867457	-0.0428652896	-0.1034078449	-0.0689219876	-0.0245377125	0.0509346321	-0.0127177255	0.1462975468	-0.1090746814	-0.0689348034	-0.0743616968	-0.0407742986	-0.0637703944	-0.1530112623	0.064443641	-0.0689844483	-0.1001528816	0.2943683306	-0.138991573	0.0565964448	-0.0278704095	0.0663491092	-0.0758166337	-0.1550340236	-0.0872777022	0.0491741738	-0.0003732841	0.0987492148	0.1304821101	0.2702498056	0.1073127352	0.0486560928	-0.2234498478	0.182794406	0.0687409505	-0.0890336851	0.1945111283	-0.1295101647	0.0977183587	-0.0964594221	-0.0181551952	0.1032856033	0.0589855141	-0.0013410152	0.0135717	0.0135572007	0.00018379769082	0.00018419104089	0.0515688	0.0224137999999999	0.00265934113344	0.0005023784304399	0.133485	0.0973387	0.0178182452249999	0.00947482251769	-0.00144959	-0.0007543749999999	5.69081640625e-07	2.1013111681e-06	-0.00017432	-0.001039012	1.079545936144e-06	3.03874624e-08	-0.000355872	-7.434500000000002e-05	1.2664488038400005e-07	5.527179025000003e-09	0.0
280.55557137856914	1.5686170299354671	78711.4286315554	2.4605593866035664	308.76197148595975	3.88179828116364	95333.95503589662	15.068357895644988	191.3180773299066	0.6424551289539124	0.4127485927191882	36602.60671321213	191.2940670356461	313.8964899534577	1.386353	28.270901	0.1079635599999999	0.055566	0.0302140512	-0.002488292	-0.1060743185	0.2146403778	-0.0605540015	0.1838725355	0.0892735854	-0.0861893788	-0.1953566803	-0.3369061073	0.0596200644	0.1246823732	-0.1311834148	-0.106003438	-0.1207381862	-0.067956699	0.0777837457	-0.025772336	-0.0901773165	-0.0797716015	0.2256799087	-0.0157380181	0.0496104745	0.0937281407	-0.2633319125	-0.0113901011	-0.1353328695	-0.2019056786	0.0086809712	0.0777669783	-0.073951056	0.0427735042	-0.1073496671	-0.1914188402	0.0764355879	0.0600882089	0.0226152527	-0.0054617644	-0.1060698234	0.1147440078	0.1449400605	-0.0469355946	0.0060789069	-0.0690656787	0.0445023886	0.0882311108	0.0021651118	0.0352235627	-0.1006668375	-0.2004878442	-0.0676904685	0.0767980833	0.0116029507	-0.0655242812	0.0002483667	-0.0658384938	-0.0721120891	0.1458281995	-0.0118408217	-0.0309856046	-0.0570465035	0.0876625568	-0.0772184765	-0.07562567	0.0357682966	0.0231001512	0.0983156181	0.1096622554	0.200263688	-0.1013388334	0.0610271505	0.0986028979	-0.2712185131	0.042294033	-0.1012814184	-0.2146832081	-0.0140835952	-0.0202820423	-0.1079119303	0.0752239157	-0.070050134	-0.159702937	0.1577355567	0.0028740073	-0.016312724	0.0425711546	-0.1560761429	0.0386809071	0.0094927425	0.0581372596	-0.0139019623	-0.1186979712	-0.0074423783	0.0885113656	-0.0615254379	-0.0417456136	-0.1230086542	-0.1914873075	0.0870609372	0.0426400709	-0.0411567972	0.0555323786	-0.0424723452	-0.0101444368	0.0296762928	0.1533135236	-0.0051779332	0.1125869044	-0.0078103988	0.0294023654	0.0269642913	0.0597950731	-0.0086812602	0.2201205827	0.0924532112	0.0263065279	0.0202670464	-0.146205417	-0.1803777806	-0.1976301455	-0.0503167341	0.0664597374	-0.0387959556	0.0428134678	-0.0514899122	0.1518740549	-0.0385856515	0.0380644296	-0.0894496788	0.1211767559	-0.0213495096	0.0522822732	0.1151382373	-0.0406580231	-0.0127984283	-0.126338779	0.0565360634	0.1019099918	0.0542622434	-0.0093776556	0.0198609	0.0062892	3.955403664e-05	0.00039445534881	0.0391061	-0.0124627	0.0015292870572099	0.00015531889129	0.101369	-0.0321159999999999	0.010275674161	0.0010314374559999	-0.000902475	0.0005471149999999	2.993348232249999e-07	8.14461125625e-07	8.9829e-06	0.0001833029	3.359995314841e-08	8.069249241e-11	5.56233e-05	0.0004114953	3.09395150289e-09	1.6932838192209e-07	0.0
279.9275932810668	-0.6279780975023641	78359.45748013034	0.3943564909426887	308.3589204729945	-0.4030510129652498	95085.22383527056	0.1624501190523139	191.1663093651244	-0.1517679647822092	0.0230335151341339	36544.557836282445	191.18377828339715	317.91954727065445	1.280691	26.116205	0.06459326	0.0326654	-0.0017576293	0.0976164434	-0.0268111052	0.2078759132	-0.0835525846	-0.1553351182	-0.0186182521	0.0068219885	-0.1476493965	-0.1637715597	-0.0627334962	-0.0799950362	-0.109683876	-0.0113747321	-0.1470938714	0.1693897349	0.0851029933	0.0416098309	0.0369570734	0.0040039869	0.167983901	0.2029371408	0.1113232405	0.0112537977	-0.120339879	0.1642989034	-0.112864394	0.0373069662	0.0702015103	0.0179051732	0.0960400332	0.009805203	0.0179399657	0.0597547519	0.0320703612	0.0571268276	-0.0376282865	-0.040672826	0.0135523142	0.0123511544	0.011579324	-0.0009942574	-0.0183178495	-0.1923388473	0.0405424291	-0.1119759615	0.1265571409	0.046704433	-0.0616797076	0.0880397724	-0.1402056711	0.1748327033	0.0042975051	-0.0608430147	-0.0260106052	0.0346044835	0.0544458767	0.0439239977	-0.0155963323	0.0580916179	0.0189299439	-0.0419782308	0.2583913615	0.0170318925	-0.0247025009	-0.0366885813	-0.0338309698	0.0126612978	0.1979896539	0.1673983015	0.1444715121	0.0140320835	-0.1163275203	0.1749720596	-0.099474226	0.0139499423	0.100121656	0.037081036	0.0644543586	-0.0186612293	0.0411841275	0.0596980901	0.0214065564	0.0476537495	0.0197757099	0.0086596212	0.04987795	-0.0342672133	0.0100260044	0.0242356721	0.0536968107	-0.1976712648	-0.0637965087	-0.0137665085	0.0741059167	0.0937632572	0.074581347	0.0064289474	0.2082126829	0.1118727604	0.0037013911	0.0507655552	0.0099387133	-0.0621781483	0.041190538	0.0051290519	-0.0171086491	0.0496123673	0.0440109933	0.0425572317	-0.1276211574	-0.2099972165	0.0955249223	0.2022405865	-0.0207639497	-0.0474461795	-0.0386702874	-0.008697567	0.0290162795	-0.2023322792	-0.1796781197	0.0319621693	-0.0251949427	0.1240511566	-0.0632313588	0.1330905235	0.0829088482	-0.1144820694	0.0633951962	0.0097275514	-0.0089513229	0.1282772155	0.00492362	-0.0597129397	0.2303042394	0.0508734031	0.0070562421	0.1004830656	0.0494296957	-0.0173718128	0.0178423	-0.0020186	4.074745960000009e-06	0.0003183476692899	0.0448449	0.0057388	0.00201106505601	3.293382544000003e-05	0.0879249	-0.0134441	0.00773078804001	0.00018074382481	-0.000480886	0.000421589	1.7773728492100004e-07	2.31251344996e-07	-0.000161535	-0.0001705179	2.907635422041e-08	2.6093556225e-08	-0.000220105	-0.0002757283	4.8446211025000006e-08	7.602609542089003e-08	0.0
279.2393624455897	-0.6882308354770998	77974.6215390194	0.4736616829015069	307.2991838731183	-1.059736599876203	94432.78840908456	1.1230416611171754	191.13918258262115	-0.0271267825032452	0.0007358623289783	36534.18711835258	191.1539657857281	310.4201652294231	1.149712	23.445238	0.0889800649999999	0.0448651	0.1248554752	0.015223324	-0.0391085352	0.1057313035	0.0650591054	0.0124272099	0.0638971558	0.0247770272	-0.1178910568	0.0162294304	-0.0172088669	0.0488828123	-0.0492302021	-0.0124599122	-0.1053308174	0.1103630962	-0.0049154121	0.0269012654	-0.137674159	-0.0199928354	0.0684364213	0.0499610699	-0.0776138252	-0.020390212	-0.1314934922	0.0704399744	0.0518757	-0.2354564824	0.0518110305	-0.0220482008	0.0455688207	-0.0121645152	0.0037550778	0.0379177972	0.0381751929	-0.0405282936	-0.0268333107	-0.0600263353	0.058898115	-0.1093294869	-0.1068491592	0.0078257359	0.0310012139	-0.00027247	0.1005573791	0.1355690918	0.0559828563	0.058127838	0.1013836977	-0.0530098857	0.1454890757	-0.0700176039	0.1219938708	-0.0870755714	-0.0300459832	0.0310336375	0.0896420235	-0.0838105298	-0.0728815816	0.0663421473	-0.0612368564	0.192163943	-0.0785720439	-0.0287254764	-0.1851728004	-0.0337031796	0.1344213811	0.026151796	0.0711339044	0.0496478632	-0.0695537325	-0.0062172261	-0.1223840602	0.0969625238	0.0620679596	-0.2267268833	-0.0202234333	-0.0312838592	0.0377529071	-0.0580219442	0.0395148105	0.0534563106	0.0135478365	-0.0567896032	0.0350409881	0.025391015	0.1507180861	0.0114327736	-0.0710442739	-0.0729981683	-0.053236399	0.0320667624	-0.0251234541	0.1502249304	-0.0773857738	0.0573995146	-0.0442804912	0.0283682345	-0.1347229137	-0.0127909254	-0.0604125248	0.0606607624	0.1675163995	-0.0247408884	-0.0177827485	-0.0736968425	-0.0963788733	0.1057563914	-0.024974748	-0.0689817898	0.0967683613	0.0339679593	-0.162760346	0.1579838206	-0.0241704104	-0.0010796697	0.1115731057	-0.0300387419	-0.0682135602	-0.1453816573	-0.1140730867	0.0160970294	-0.005012345	0.1414804255	0.0978647325	0.0907758747	-0.0063226376	-0.1321931378	0.0565563748	-0.0419657774	-0.0622404603	0.0203635607	-0.06147475	0.1291045876	-0.0060757498	0.0999361479	0.0171475793	0.0990055431	0.0444976032	-0.0252872714	0.0121792	-0.0056630999999999	3.2070701609999986e-05	0.00014833291264	0.0806792999999999	0.0358343999999999	0.0065091494484899	0.0012841042233599	0.0714794	-0.0164455	0.00510930462436	0.00027045447025	-0.000399471	8.141499999999999e-05	6.6284022249999995e-09	1.59577079841e-07	0.000102063	0.000263598	6.948390560399999e-08	1.0416855969e-08	5.56233e-05	0.0002757283	3.09395150289e-09	7.602609542089003e-08	0.0
279.2691741252664	0.0298116796766976	77991.27161660836	0.000888736245146	306.7959372514314	-0.5032466216869125	94123.74711398422	0.2532571622392904	190.69044832236995	-0.4487342602512001	0.2013624363231917	36362.84708138644	190.68908097090468	310.2113146822906	1.158338	23.621143	0.065142021	0.0378322	0.0464093502	0.0043197547	0.1267683711	0.1387023065	0.0716761042	-0.0562823084	-0.0699580727	-0.0637160182	-0.1457859072	0.0410294753	-0.0379456875	0.039829602	-0.1203821965	-0.0958098406	0.0307482891	-0.0380642589	0.1652642099	-0.101128454	0.0614112169	-0.0826018951	0.0120585481	0.1859517316	0.0614212692	-0.0538382742	0.0897534532	0.0265199569	-0.0877989755	0.0217475286	0.0003598776	-0.0701297045	-0.1237848985	0.0800462898	0.0685182624	0.0033691414	0.0380540931	0.0222496487	-0.0602547977	-0.0574987207	0.0064433956	0.2180096819	-0.0211003461	-0.0956956347	-0.0854709277	-0.1593647014	0.0103104078	0.022547596	-0.0552499487	0.0709626395	0.1098150257	0.085839757	-0.0028427703	0.0384409854	0.0529228597	-0.0983614529	0.0126241559	0.0861048979	-0.0307133751	-0.0913653688	-0.0956206074	-0.1098872693	0.0417766486	0.153482385	0.0436714889	0.0616177759	0.0177448766	0.1029754954	-0.0467005694	0.0867465685	0.0330075952	0.1785638857	0.0889426731	-0.0270046838	0.0531869143	0.0001184828	-0.0990887634	0.0251366403	-0.002298219	-0.0892092269	-0.063546917	0.0837874078	0.0811622478	0.0052751183	0.0185165745	-0.0116777387	0.0687921026	0.0675862062	-0.0454021672	-0.1161193704	0.1977343163	0.0748179027	0.0575969205	-0.1372223014	0.0284002352	0.0524026242	0.002355392	-0.0580341756	-0.0394185158	0.1508002434	0.0343465486	0.0269854658	-0.006009631	-0.0263422027	0.2007924746	-0.0350980762	-0.0978906076	-0.0219826389	-0.0375144848	0.0364943499	-0.0465698129	0.1459870051	0.1064948302	-0.0671537671	-0.0631714353	0.1092069859	0.1659231389	-0.080888402	-0.013750248	-0.0645391988	-0.0250343861	-0.0720807564	-0.11147388	-0.0299861308	0.0411189316	0.0736406231	-0.166199479	0.1128636946	0.0576512438	-0.0897042415	-0.0413246311	-0.1051094958	0.0831181639	-0.0168774693	-0.0312179026	-0.0623208291	0.049769023	0.0960927367	0.0073602287	0.0974781683	0.0394758984	-0.0330881723	8.0479e-05	-0.012098721	0.0001463790498358	6.476869441e-09	0.0488186	-0.0318606999999999	0.0023832557059599	0.0010151042044899	0.0631981	-0.0082813	0.0039939998436099	6.857992969000008e-05	-0.000210235	0.000189236	3.5810263695999994e-08	4.4198755225e-08	0.000170853	6.879e-05	4.7320640999999995e-09	2.9190747609e-08	5.56233e-05	0.0	3.09395150289e-09	0.0	0.0
279.77900770868723	0.5098335834208569	78276.29315445767	0.2599302827837519	307.2365701175579	0.4406328661265206	94394.31001760108	0.1941573227108722	190.57653841489977	-0.1139099074701732	0.0129754670198634	36319.41699420577	190.59036290012745	311.87469073252066	1.17792	24.020481	0.109802249	0.0581469	0.0174509253	0.1537921035	-0.035688129	0.0797990428	0.1132838279	0.0028660974	-0.0331957876	0.1718943294	-0.0618437353	0.008065089	-0.101746697	-0.0004357444	0.0273235992	-0.0441201789	-0.0116216885	-0.128639198	0.0325692659	0.0936072949	0.0878869473	-0.1674625234	-0.069398622	-0.1104637788	-0.0315893406	-0.0120190522	0.0719635882	0.0125797152	-0.0483370156	-0.0974587094	0.0267035864	0.1584795281	0.0521363439	-0.0321266588	0.0365267139	0.0099488376	-0.0685502912	-0.0163090843	-0.0870041396	-0.1878766099	0.0422816003	0.0051468916	-0.0967462062	-0.0823651302	0.1046942769	-0.0753293512	-0.0545602883	0.053891465	-0.0319746858	0.1284630861	-0.0689975526	0.1128704828	-0.1107080958	0.0085393967	0.023164531	-0.0672580164	0.0967243612	0.1509778997	0.0211386361	-0.0149803643	-0.1042847287	-0.0900992339	0.0923579907	0.0004814301	-0.1134149781	0.065603535	0.0561134568	-0.0873501905	-0.0950277249	0.1568895787	-0.0811368911	-0.0766647733	-0.0411863488	-0.0155182263	0.0755354513	-0.0012961804	-0.0761673981	-0.1053393737	0.0221865308	0.1366077433	-0.0287406057	-0.0455346347	0.0419110304	0.032950417	-0.0771044647	-0.0042025982	0.0212396053	0.2037147637	0.197437841	-0.0570936672	0.0219180041	0.0093372573	-0.1068173974	-0.0785049649	0.1168110616	0.0416346548	0.0726000838	-0.0477281723	0.0737640235	-0.0024728155	0.131348669	-0.0260776394	0.02463541	-0.0263894572	0.1532920669	0.0809269998	0.0532557371	-0.019299177	0.0002945077	-0.0901053623	-0.0630397872	0.1148250654	0.0868014924	0.086418515	0.1033087396	0.0542855611	-0.0727422221	-0.1452912389	-0.0302561814	0.0114386309	-0.0375471186	-0.0952017434	-0.0433398089	-0.035147258	0.0683530994	-0.0972634716	0.0773064822	0.0843836732	-0.0634917249	-0.1305935448	-0.0057792329	-0.142668995	-0.0084698101	0.0001729088	0.0444229361	0.1664687567	0.053331797	-0.027265137	0.0365023234	0.0959017104	0.0343746944	-0.0407391756	0.000670903	0.000590424	3.48600499776e-07	4.5011083540900003e-07	0.0421273	-0.0066912999999999	0.0017747094052899	4.4773495689999965e-05	0.0209593	-0.0422387999999999	0.00043929225649	0.0017841162254399	1.86552e-05	0.0002288902	5.239072365604e-08	3.4801648704e-10	-0.000398003	-0.000568856	3.23597148736e-07	1.5840638800900004e-07	-0.000352265	-0.0004078883	1.24090630225e-07	1.6637286527689e-07	0.0
280.3160624320682	0.5370547233809475	78577.09485741914	0.288427775905786	308.343634896723	1.107064779165114	95075.79718132362	1.225592425267903	190.9146908200729	0.3381524051731333	0.1143470491243748	36448.41917092403	190.9227927177983	316.6571175722802	1.150091	23.452971	0.055923822	0.030769	-0.0072658615	-0.0587562692	-0.1668949869	0.0488417703	0.076281339	0.0163514713	0.1675782442	-0.00670369	0.0473397639	-0.0356656674	-0.0584603333	0.0640345208	0.0628749455	0.0035784238	-0.1067818585	0.0542493402	0.0974639703	0.0549942861	-0.1401905063	-0.0417132789	-0.0699614158	-0.0263428336	-0.0392355478	0.0363478216	-0.0942142495	0.196228069	-0.1006001809	-0.0632781152	0.1118550572	-0.1197812628	-0.0200287296	0.0440781853	0.0609832359	-0.0492884663	0.0818485998	-0.2099891147	0.0513937948	-0.1224555094	-0.0424433579	-0.1822838255	0.0086121915	0.1365227011	-0.0796552403	-0.0609336704	-0.0468395364	0.1679698284	0.002272662	-0.0925764764	0.0586362029	0.0781500411	-0.0520917307	-0.0544026356	-0.0761229156	-0.0441297964	0.1181234619	-0.1321953059	-0.0427086774	0.1293557991	-0.0527705654	-0.0942540028	0.2587069766	-0.0622846673	0.0530212405	0.1166868508	-0.0431868757	-0.0652565575	0.1368070419	0.0324659608	-0.0717606911	-0.0163346734	-0.0334768304	0.0280079674	-0.0359564393	0.2204866782	-0.0724526019	-0.0621694174	0.0866760596	-0.1314677078	0.0423647991	0.030071602	0.1152964248	-0.0250132576	0.0106360108	-0.2651655573	-0.0052780774	0.0812769889	0.0395316937	0.066398909	-0.1565344623	-0.1178573473	0.1537117618	-0.0131669917	0.0793012849	0.0103660392	-0.1545181606	-0.0068469374	0.0903107748	0.0705182529	0.0381047116	-0.0744513359	-0.0811539669	0.0053458061	-0.0869436286	0.1079250803	0.0074343593	0.1020232194	-0.1273742292	-0.1011803621	0.0636409967	0.209912955	-0.0047395685	-0.0225645447	0.0432354141	0.0215552671	-0.1101727032	0.0283506161	0.1139139425	-0.0959933543	-0.0356115295	-0.1409809662	-0.0901094442	0.0284871148	0.0037624985	0.0366570582	-0.0362032903	0.0074814094	0.1192477508	-0.0750005828	-0.0591290286	-0.068518594	-0.0158232147	-0.0351739218	0.0618901586	0.0330703993	-0.1168801251	0.0149966878	0.053430231	0.094276963	0.0292042644	-0.0482056202	0.000252341	-0.000418562	1.7519414784400004e-07	6.3675980281e-08	0.0631187	0.0209914	0.00398397028969	0.00044063887396	0.01359	-0.0073693	0.0001846881	5.4306582490000005e-05	-0.000328249	-0.0003469042	1.2034252397764e-07	1.0774740600100001e-07	-0.000376674	2.1329e-05	4.54926241e-10	1.41883302276e-07	-0.000177607	0.0001746579999999	3.1544246449e-08	3.050541696399999e-08	0.0
280.2472672648646	-0.0687951672035751	78538.53080942445	0.0047327750305678	309.0073386587897	0.6637037620666888	95485.53534498796	0.4405026837814758	190.96247205212345	0.0477812320505393	0.0022830461362674	36466.66573225803	190.97500271451048	317.3217219961559	1.178739	24.037163	0.020498599	0.00963659	-0.0844151518	-0.0580190965	0.0439386292	0.144462947	0.012785802	-0.0516867244	-0.0672637486	-0.1170142071	-0.0123485065	-0.0765513551	-0.0310083572	0.0115723366	-0.0239962573	-0.04462775	0.1030817918	-0.0366651924	-0.0441126009	-0.1088794625	0.0901836563	-0.0627636957	0.0048632464	-0.0610616724	0.0104704024	-0.0533375414	-0.005778397	0.0868627057	-0.1632823634	-0.0867432725	0.0087099125	0.0582835054	-0.0450865563	-0.0888277659	0.1109870485	-0.072457966	-0.0239431315	-0.0358229719	-0.0207676196	0.2321191891	-0.1193517849	0.0022767232	-0.0151919607	0.0519676569	-0.0808819982	-0.0443046346	-0.1770693776	-0.061681985	-0.0366309596	0.0234118359	0.0899192234	0.0790993635	0.0622316028	-0.1113528577	0.0925114121	-0.0361019722	0.0156723853	-0.1214154171	0.1235570363	-0.095554789	0.3105008278	0.0237723549	-0.0502403836	-0.1111326786	-0.0819277371	-0.1005436187	-0.039449052	0.1181475744	-0.0740710934	0.06015818	-9.68336e-05	-0.048419692	-0.0028561647	-0.0575169967	0.0055723168	0.056090424	-0.1703889031	-0.0762588117	0.0201160638	0.017218254	-0.0850719589	-0.0821464934	0.0760912536	-0.0994713121	-0.0756222424	-0.0201250795	0.0450009236	-0.1423421449	-0.0909490971	0.1730003971	0.0756587589	-0.0605439266	0.0844505598	-0.0471111847	0.1517106283	-0.0512228393	0.1271018162	0.0039219371	-0.014490516	0.1197735378	-0.1290282339	-0.0945300231	-0.0080869342	0.1910444991	-0.1088453984	0.0027243604	-0.0139021782	-0.1012563022	0.1886836376	-0.0096682753	0.1262145489	-0.1344353926	-0.0379953009	0.1216350067	-0.0056753957	0.0006940976	0.1467932445	-0.0648923269	0.0418525898	-0.0640597398	-0.0203581947	-0.0693012889	-0.0648222793	-0.0741841383	-0.0227325413	-0.1634492753	-0.1503664352	0.0836996132	0.0781900896	-0.1343906488	0.0171204626	-0.0076906068	-0.0189761508	0.0955376248	-0.0399527634	0.1639190958	-0.0547639689	0.0186152858	-0.0338061814	0.0926047444	0.0239750208	-0.0554536812	0.00601044	0.005758099	3.3155704093801e-05	3.61253889936e-05	0.0690742	0.0059555	0.00477124510564	3.546798025000003e-05	0.0162191	0.0026291	0.00026305920481	6.912166810000003e-06	-0.000280597	4.765200000000002e-05	2.2707131040000023e-09	7.8734676409e-08	-0.000395018	-1.8344e-05	3.36502336e-10	1.5603922032400004e-07	-0.000120485	5.712200000000001e-05	1.4516635225e-08	3.262922884000001e-09	0.0
279.5239574663473	-0.7233097985172776	78133.64279764835	0.5231770646311047	308.4668067137912	-0.54053194499852	95151.7708442034	0.292174783563883	190.82481187743463	-0.1376601746888184	0.018950323695356	36414.10882805831	190.8392733535684	313.0335658468575	1.118175	22.802128	0.05957939	0.0291129	0.0404064239	0.0629560534	-0.0307517836	-0.0253836813	-0.0541984757	-0.1265631357	0.0125323014	0.0466928102	0.0162301983	0.0311276287	-0.0985121712	-0.0756853557	-0.0962963366	0.0475097436	0.0572733359	0.0161471212	-0.0955749441	0.0920680755	0.0288109552	-0.0179275143	-0.0317273421	0.0944171554	-0.0423373745	-0.0689194375	0.1627965465	0.0256088485	-0.0586806137	0.0355287157	-0.0058047153	-0.0356594151	-0.0491181252	-0.0336663982	0.0983372333	-0.1594058304	-0.0229271824	0.0375957015	-0.0747866178	0.084102183	-0.092085632	-0.0434265773	-0.0134301191	-0.0127298753	-0.107835546	0.0120539899	-0.0751299268	-0.0778773406	-0.0418012307	-0.0359222116	0.0464212493	0.0813212177	0.085884255	-0.0552526198	-0.0863424926	0.0583573416	-0.0399302694	0.0137567741	-0.1189385069	-0.0349724039	0.0187103437	0.1340010672	-0.0849422126	0.0053364785	-0.0682488328	0.0812526491	0.0954684374	-0.0947001968	-0.0309728313	0.0102176076	-0.0169759692	0.1238794984	-0.0348434329	-0.0496885088	0.1429704616	-0.0344842716	-0.0732646026	0.030768862	0.0050977301	-0.0106612968	-0.0390577753	-0.0081560875	0.0729950015	-0.1671101927	-0.0151985688	0.0351780459	0.0522785243	-0.0240138933	-0.0275468204	0.1307054631	0.0419163259	0.032730773	0.1198851671	0.0556798909	0.0239568948	-0.0811017354	0.0494465652	-0.0112183599	0.0233670812	0.0891387286	-0.0462601347	-0.0332163158	-0.0089642544	-0.1447629546	0.0217283	-0.0503276512	-0.0851142335	0.0272841518	-0.0155585083	-0.019849283	0.0321831741	-0.1652071173	0.0728564434	-0.0219825351	0.0212409053	0.0132882808	-0.0809992634	-0.0932563475	-0.0246031966	-0.067317486	0.0349476391	0.0157983571	-0.0731555677	-0.1147474832	0.0342539832	-0.0696340017	-0.0150477736	0.069864908	0.020056914	-0.0499343399	-0.0471802531	-0.0548579795	0.1325513679	0.0308074096	-0.1361899431	0.0047317534	0.0273727675	-0.1008655489	0.0403031903	0.0908858965	0.0186974948	-0.0624505233	-0.0038756	-0.0098860399999999	9.773378688159998e-05	1.502027536e-05	0.0481741	-0.0209001	0.0023207439108099	0.00043681418001	0.0237472	0.0075280999999999	0.00056392950784	5.667228960999999e-05	-0.00017959	0.0001010069999999	1.0202414048999998e-08	3.22525681e-08	-0.000302502	9.2516e-05	8.559210256000002e-09	9.150746000400001e-08	-0.000352265	-0.00023178	1.24090630225e-07	5.3721968400000006e-08	0.0
279.39207540522284	-0.1318820611244859	78059.93179923773	0.0173928780464426	307.2016175613526	-1.2651891524386087	94372.83383231152	1.6007035914483252	190.93624531254048	0.1114334351058516	0.01241741045949	36456.64977405064	190.962908793374	309.34527381496736	1.041419	21.236908	0.0804890399999999	0.0478551	0.0933370348	-0.103126048	0.0262662069	-0.0158826218	-0.0237592997	-0.0422605251	0.0593780509	-0.0751710029	-0.0162845346	0.1075008964	-0.0223492631	0.0390312793	-0.0001524796	0.1300035383	0.0109505542	0.0408548745	-0.0031931417	-0.0548786901	-0.0983501981	0.0008960934	-0.0808176959	0.0409557667	-0.1319719344	0.0390634659	0.0443825285	0.0532111871	0.1074126101	0.0277583483	-0.1554720552	0.1095065929	-0.0909853041	-0.0135877923	0.1049938912	0.0261216481	-0.0727715563	-0.0377955509	0.0017077533	-0.0765034145	-0.1788844172	-0.0762202047	-0.1734304455	0.0268838098	-0.0578202057	0.0980807801	0.0409872999	-0.0049702578	0.0215112884	0.1099852178	-0.0688158892	0.1244140706	-0.0040848392	-0.0399421059	-0.0475275559	-0.279080939	0.0659799345	0.0365034157	-0.0090545985	0.165023957	0.0939811152	0.0418875767	-0.0130985876	0.0105277451	0.0745917971	-0.091674564	0.0731504393	0.0488700466	0.1042441353	-0.0118254406	-0.0718658624	0.073201702	-0.1186788976	0.0454811061	0.0565032721	0.0500010778	0.0945850159	0.0392638049	-0.121503832	0.1179371655	-0.1476688295	-0.0014504424	0.0762532839	0.0460162531	-0.0988976207	-0.0327699292	-0.0443288961	0.1641205951	0.0575892986	0.1450137285	0.1004179802	-0.0752900012	0.0518604856	0.1115595174	-0.00468683	0.0641025312	0.1464331686	-0.0171976534	0.1221147431	-0.0237599495	0.0588005197	-0.0541072794	-0.245551181	0.1093728167	0.0750883233	0.0053977858	0.1233962239	0.0716588382	0.0155940548	0.0920637727	0.134331516	0.0039090116	-0.0662256759	-0.0112152016	0.085466596	-0.0209846484	-0.0436673274	-0.0061469799	0.142240509	-0.0329064801	0.1557497648	-0.0192534563	-0.0722346645	-0.0314578369	0.0063786075	0.0419449755	0.0325083802	0.0160882627	-0.1060741041	0.0125817754	0.0048583078	-0.1033774188	0.040623936	0.0823743054	-0.0445337144	0.0151841592	0.0559384921	-0.1115443922	0.0530418649	0.0891212848	0.0133823145	-0.0691644489	-0.00860337	-0.00472777	2.235180917290001e-05	7.401797535690002e-05	0.0743942999999999	0.0262201999999999	0.0055345118724899	0.0006874988880399	-0.0140021	-0.0377493	0.00019605880441	0.00142500965049	-4.58616e-05	0.0001337284	1.7883284966560003e-08	2.10328635456e-09	-0.000200395	0.000102107	1.0425839449000004e-08	4.0158156025e-08	-0.000352265	0.0	1.24090630225e-07	0.0	0.0
279.42984645893785	0.0377710537150051	78081.03909206558	0.0014266524987418	307.4599388841647	0.2583213228121508	94531.6140186543	0.0667299058194194	190.9173451450532	-0.0189001674872884	0.0003572163310475	36449.43267723537	190.9384239399291	310.46469805321186	1.238491	25.25565	0.02945042	0.0182823	-0.0484468133	0.0622792504	0.1132259833	-0.0975936084	0.0339916138	0.1634983069	-0.139521031	0.018622027	-0.0004575666	0.0593885887	0.1073979881	0.1448747105	-0.0947672535	-0.0448073913	-0.0464606276	0.0830292099	0.0579976513	-0.0548612149	0.1043304521	0.002074158	-0.0549923531	-0.0434779475	-0.0533123101	0.0585005421	-0.0410316817	0.0351046293	0.0380403717	-0.1158542424	-0.1099985956	0.1077184758	-0.0947039495	0.1512505123	-0.0097881066	-0.0227482252	-0.0002021168	-0.0114285309	0.0405293355	0.1372213086	-0.0363484594	0.0196597922	-0.0440694692	0.1861403411	0.0283958157	0.0608384587	0.0678839401	0.0229226892	0.0014916808	-0.0528728028	-0.0534660296	0.0403306431	0.0481110564	0.2040301601	-0.0109035098	0.1030847757	-0.1341801025	-0.0999705588	-0.0661331765	0.0977581139	-0.0391934708	-0.1163475128	-0.0795291065	0.1088494077	-0.0766486365	-0.0912995823	-0.0893450892	0.0609261802	-0.1097411591	-0.0124187303	-0.0677726197	-0.0429961275	-0.051344181	0.0535392242	-0.0115424394	0.0467274847	0.0422669254	-0.1206597327	-0.0909353953	0.0717528864	-0.1184314232	0.1723736712	0.0224897982	-0.0047745775	0.0244091099	0.0049389021	-0.0144286884	-0.105503891	-0.0868876664	0.0366937873	0.0281629164	-0.1795796123	-0.0280477234	0.0551949823	-0.1176577836	-0.0250388973	-0.0216947795	-0.016210371	0.1105052417	-0.0298924758	-0.0191001449	0.1254134571	0.0348067727	-0.0310136326	-0.1373311652	-0.140709343	-0.0192231456	0.1674505114	0.0131016511	0.1200507979	-0.1312141374	0.0352298241	0.0267611616	0.1288637772	-0.0540672237	-0.0996103079	0.096023917	-0.0984023765	0.087989587	0.1125504665	-0.1516627043	-0.087757697	-0.0836108451	-0.0670918181	-0.0020388744	0.1686741494	0.0360311311	-0.0249932511	-0.1498753422	0.0593604472	-0.0020064086	0.0268087869	-0.0651429443	-0.0684703272	-0.0072504519	0.1145042345	0.0108431799	-0.1133315526	-0.0231392194	0.0873117978	0.008040184	-0.0755650422	0.00330247	0.01190584	0.0001417490261056	1.09063081009e-05	0.0690542	-0.0053400999999999	0.0047684825376399	2.8516668009998966e-05	-0.0140165	-1.4399999999999484e-05	0.0001964622722499	2.0735999999998508e-10	0.000190979	0.0002368406	5.609346980836e-08	3.6472978441e-08	-0.000207356	-6.961000000000017e-06	4.8455521000000225e-11	4.2996510736e-08	-0.000352265	0.0	1.24090630225e-07	0.0	0.0
279.75726212985626	0.3274156709184126	78264.1257143931	0.1072010215629542	307.634650553921	0.1747116697562774	94639.07822143308	0.0305241675490265	190.82712839399667	-0.0902167510565163	0.0081390621711934	36414.99293109889	190.82549003402693	311.7206564526199	1.318004	26.877098	0.07085272	0.0395785	0.0237543498	0.0207240467	-0.0905827563	-0.1002431819	-0.0510637922	-0.0424665139	0.1092195319	0.0703985994	0.0654149964	0.04660892	-0.1005439192	-0.002597594	0.032824651	-0.0410090285	0.138011247	-0.1280550024	0.1191288112	0.1130002019	-0.0251816061	0.0083877976	-0.1567951428	-0.1001447815	-0.0075069766	0.0446560634	0.0524459599	-0.0589708915	-0.1046420475	-0.0279440255	0.0434109235	0.0865232627	-0.0233115351	0.0170187254	0.0386861725	0.0302498553	0.0182258404	0.0898800512	-0.0831886825	0.1552256579	-0.0001222525	0.0033823949	-0.1586092163	-0.1019949454	-0.0278967256	5.72855e-05	0.0902377923	0.0319638334	-0.1268570351	-0.0099910523	-0.0087281973	0.0334172881	-0.0908353639	0.0299548315	0.0102627121	-0.0887215773	0.0888201832	-0.0235425978	0.1215250171	0.2091592809	-0.1575758998	-0.0041889027	0.0188132043	-0.053169228	-0.039572648	0.0479559157	0.0490740157	-0.1152983676	0.0132236102	-0.0141563821	-0.1613267058	-0.0791382284	-0.0182417648	0.0379860741	0.0594691062	-0.0425222682	-0.1083797656	-0.0468450114	0.0265042982	0.0067164252	-0.0571105758	0.0141709806	0.0077526874	0.0494483258	-0.0074713626	0.1179370399	0.0791981454	-0.1176290885	0.1188462859	0.0972080496	0.1665754648	0.0456041689	-0.0045350396	0.0426623063	-0.0217762977	0.0581631531	-0.0334221615	-0.1355694025	0.0457214307	0.029022244	0.1172871857	-0.0078411527	-0.0373399279	0.0865503353	-0.0244764679	0.0986787274	0.1993319051	0.0548050794	-0.1688860291	-0.0034011563	-0.0789397575	0.0386537572	0.0307725788	-0.0148607339	0.1018133937	-0.1003738981	-0.0621555458	-0.1114900272	0.0092187725	-0.2089525677	-0.0800117031	0.1061646539	-0.0192992452	-0.0240414067	0.0078628441	0.009137929	-0.1885411102	0.0176683968	0.0016481725	0.0919526883	0.018697653	-0.0387815184	-0.0441579257	0.1040393426	0.0675765657	0.0718456845	-0.1236271405	-0.1076595895	-0.0585104323	0.0854583468	0.0026818616	-0.081623307	-0.0107786	-0.01408107	0.0001982765323448	0.0001161782179599	0.0394724	-0.0295818	0.0015580703617599	0.0008750828912399	-0.0330782	-0.0190617	0.00109416731524	0.00036334840689	0.000313706	0.000122727	1.5061916529000004e-08	9.841145443600003e-08	-0.00016752	3.9836000000000016e-05	1.5869068960000012e-09	2.80629504e-08	-0.000352265	0.0	1.24090630225e-07	0.0	0.0
279.94288753566235	0.1856254058060926	78368.02028180449	0.0344567912806765	307.75002439209885	0.1153738381778453	94710.07751333744	0.0133111225358876	191.04490025205595	0.2177718580592795	0.047424582162591	36498.15391231801	191.0715879768876	313.53790519219143	1.169072	23.840044	0.0757430469999999	0.035713	-0.0612959743	-0.1646688624	0.0162503117	-0.0564747105	-0.0302797096	-0.0081162816	0.0022911694	-0.1314083706	0.0852989311	0.0918526951	-0.0934230176	-0.0132489144	0.0968131547	0.1073765527	0.08020369	-0.0675635528	0.0020784401	-0.1019866158	-0.0694979359	0.0356365854	-0.143272061	0.0118801823	-0.0306395318	0.2187935059	0.0029390649	0.0569636905	-0.0479884659	0.0367241976	0.1109061458	0.0064541848	0.0737025057	-0.0021566273	0.1184154119	0.0558494897	-0.0733417113	0.1730104622	-0.0250782851	0.0680907543	-0.010915516	-0.0325572779	0.0506483169	-0.107038022	0.069170252	-0.0257591866	-0.1577425146	-0.0743586916	0.1093822145	0.0667482408	0.1018433606	-0.0888481285	-0.0089152436	0.0899925847	0.0369615361	0.023653532	-0.0205684278	-0.063916047	0.0378305555	-0.0823947833	-0.0496836048	-0.0235018556	0.0908913196	-0.0606306293	0.0271073515	0.0598959766	0.0303504453	0.1001211331	0.0772074656	-0.0481097471	-0.1368452311	0.0221717681	-0.0130205093	0.2034814909	0.0369752293	0.0928459099	-0.0383564727	0.0266531892	0.1177201286	-0.0008232779	0.0549406393	-0.0535604375	0.0986013969	0.0334134047	-0.0312549876	0.2071960358	0.0014379975	-0.037828234	-0.0083647072	0.0415754201	-0.018030606	0.0863097638	-0.0816603045	-0.0434397741	0.1440217011	-0.0042524405	0.0643798494	0.1610874875	-0.1254278614	0.049624649	0.0060190838	0.1176890654	0.0448237512	0.0441204876	-0.0483761927	-0.0040744175	-0.0559817351	-0.0553803744	-0.0382760513	-0.1072096176	-0.0275435446	0.0488600581	0.0034856347	-0.0277151784	0.0473675523	-0.161750337	0.0035961862	-0.0368838097	0.1349205847	-0.0971354899	0.1491547464	-0.0327576941	-0.0165402714	0.0213764121	0.0084750983	0.0507799575	0.0792251368	0.0024462638	-0.099247815	0.1346583908	-0.0456688093	0.0068224701	0.0267965792	0.0056970224	0.04290301	0.080953621	0.108439725	-0.1189852682	0.0180674929	0.0835618648	-0.0026818616	-0.0873117978	-0.0297805	-0.0190019	0.00036107220361	0.00088687818025	0.0465345	0.0070621	0.0021654596902499	4.9873256410000025e-05	-0.0576861	-0.0246078999999999	0.0033276861332099	0.0006055487424099	0.000518383	0.0002046769999999	4.189267432899998e-08	2.68720934689e-07	-6.06506e-06	0.00016145494	2.60676976504036e-08	3.67849528036e-11	-0.000216974	0.0001352909999999	4.7077716676000003e-08	1.8303654680999996e-08	0.0
280.2050886349249	0.2622010992625405	78514.89169690611	0.0687494164544846	308.4846540631972	0.7346296710983324	95162.78179249044	0.5396807536580441	191.24677069533783	0.2018704432818765	0.0407516758708213	36575.327301395126	191.251989709724	314.3491506288231	1.102823	22.489082	0.048634302	0.0310121	-0.1544586552	-0.0123320052	0.0944701206	-0.1042595988	0.0074372117	0.1240691887	-0.1303202551	-0.0134842212	0.1107657738	0.0311777773	-0.011541913	0.128102323	0.1412867862	0.0678486014	0.1019426576	0.0953094265	0.0132845421	-0.074205926	0.1127062293	0.1219336453	-0.1135425947	-0.0799904507	-0.1663328132	0.0427948692	-0.1585722996	-0.0009843219	-0.0652483621	0.1076252846	0.0260828835	-0.0370991211	0.0418158282	0.2299405735	-0.0864784462	-0.1504993541	-0.0045321041	-0.0160549269	0.1141328682	-0.0331984623	0.0828452262	-2.49494e-05	-0.0430026274	-0.0285974744	-0.0229072728	0.0726624964	-0.0388857036	-0.1607070805	-0.0262437149	-0.0448343071	-0.0623560923	-0.0307378964	0.1433907659	0.0692638995	-0.1433769668	0.0666787459	0.1215225067	0.0773014194	0.0976340017	-0.2480998276	-0.0876835939	-0.0166970752	-0.0860954586	-0.0342054603	-0.0421147917	0.0672214496	0.1048420175	0.0801588759	-0.1112486409	-0.1254602725	-0.1234298142	-0.0618606954	-0.1613696924	0.0536420988	-0.1512794096	0.0449903107	-0.0554066941	0.0879028112	0.0694512996	-0.021858214	0.0625554554	0.2251123174	-0.0257950518	-0.0983269356	0.0887171797	-0.0511149852	-0.1318566672	-0.0257452798	0.0924526775	-0.0532842762	0.0128655106	0.0604516503	0.0046526076	0.0805116348	-0.0528465128	-0.1172464668	0.1254288879	-0.0013547298	0.0065882631	-0.0348098419	-0.0776909371	0.1041314496	-0.0406322792	-0.1301466323	-0.0209807051	0.1172324914	-0.1120315746	-0.2378141383	0.0597394856	-0.0222280964	-0.1458637024	-0.0897593889	0.0867187341	-0.0571647815	0.1046466699	-0.1914327065	0.0293901586	-0.0686509317	0.1242830501	0.1194469453	-0.0073349838	-0.1161420332	-0.0131421355	0.0040924173	-0.0816572432	0.0332456795	-0.0471583816	-0.0268445338	0.0215003649	0.1576050502	-0.1180624338	-0.0333034412	-0.0020872495	-0.0140679934	-0.0526137235	0.0448829898	0.0270561762	0.1191930049	-0.0193763198	0.081623307	-0.008040184	-0.0926047444	-0.0262487	0.0035318	1.2473611240000011e-05	0.00068899425169	0.071997	0.0254625	0.005183568009	0.00064833890625	-0.0565858	0.0011002999999999	0.00320195276164	1.2106600899999968e-06	0.000245596	-0.000272787	7.441274736899999e-08	6.031739521599999e-08	-7.37631e-05	-6.769804e-05	4.5830246198416e-09	5.44099492161e-09	-0.000186665	3.030900000000001e-05	3.4843822225e-08	9.186354810000005e-10	0.0
280.22321084476056	0.018122209835667	78525.04789614714	0.0003284144893279	309.0362935250212	0.5516394618240383	95503.43071568308	0.3043060958415146	191.18114645405987	-0.065624241277959	0.0043065410433077	36550.23075948869	191.1870578278183	315.7526641154897	1.118266	22.803986	0.0679909549999999	0.0392867	-0.123819684	0.0580511508	-0.0245681248	-0.1679179072	-0.035484849	0.0721550041	-0.0617480843	0.0904494743	0.1571297859	-0.0434704361	-0.0084824538	0.0279403775	-0.1041559927	-0.0839467708	0.147315191	-0.0279579705	-0.1423361577	0.0218881836	0.093676332	0.1353206364	-0.0470010741	-0.1200887028	-0.0189277659	-0.0240947601	0.0743877687	0.1375244848	-0.1262818156	-0.1427201274	0.1484620026	0.1991006326	0.0361323109	0.0179752	-0.0654052477	-0.170607467	0.0385616294	-0.0160771453	-0.0992515353	-0.0030638506	0.0324505085	-0.0958284299	0.0577815633	-0.0616483473	-0.0097871195	0.0881431836	-0.0113758895	-0.105027505	0.0331924768	0.063391717	-0.0694627056	-0.1463863558	0.1227577705	0.0982840961	0.0441023421	0.0224590695	-0.105549524	0.0426983486	-0.0716223407	-0.0001866456	0.0145079198	0.0789728709	0.1256923368	-0.0366747098	0.0006597964	0.0043738385	0.0245460562	-0.0207787297	-0.0954160574	-0.1290205888	-0.0478820973	-0.1003729248	-0.0422994561	-0.0413314312	0.0685340041	0.0749521229	-0.1607582058	-0.2224313964	0.15178486	0.1456047715	-0.0406099953	0.0186451933	-0.067630694	-0.1200561102	0.0734079785	-0.0054455846	0.0766146059	-0.0117537322	0.0392555478	0.0427657604	-0.1164219821	0.1112267771	-0.0236362704	0.0747756209	-0.0414089014	-0.0242755169	0.0860649751	0.0579535521	-0.0983799244	-0.1181744541	-0.0602521569	0.1701793974	0.0133789829	-0.024313443	0.0489701778	-0.1080294117	0.0007801465	0.0383084029	-0.0470690189	-0.0971370211	0.087911083	-0.0275691651	-0.0372234514	-0.0155118076	-0.0154145175	-0.1570576454	0.0653108419	-0.0995956781	7.3138e-05	-0.0342400407	-0.2065938168	0.0496735734	-0.0509035606	-0.1337206732	-0.0988318369	-0.1147796529	0.1137501475	-0.0141733271	0.0202516046	0.0807220103	-0.065254647	0.0529967566	-0.1345502564	-0.0141451566	0.0532813421	0.0650902412	0.0496667848	0.1434871755	0.0182128262	0.0796436494	-0.0133823145	-0.0974781683	-0.0256325	0.0006162	3.79702440000001e-07	0.00065702505625	0.0780329	0.0060358999999999	0.00608913348241	3.643208880999996e-05	-0.0316285	0.0249573	0.0010003620122499	0.00062286682329	-0.000195032	-0.000440628	1.9415303438400003e-07	3.8037481024000006e-08	0.000132856	0.0002066191	4.269145248481e-08	1.7650716735999996e-08	-0.000106281	8.038400000000001e-05	1.1295650961e-08	6.461587456000001e-09	0.0
280.3593508831212	0.1361400383606223	78601.36562760506	0.0185341100448317	308.5581387124261	-0.4781548125951076	95208.1249656768	0.2286320248078625	191.4065576809556	0.2254112268957158	0.0508102212106318	36636.47032327298	191.42301792958963	316.0308393253401	1.184407	24.152748	0.08633348	0.0449289	-0.0590598984	-0.0336852711	-0.139994757	-0.1713478808	-0.0583290139	-0.1146422466	0.1057619055	0.0218490951	0.2152471907	0.0088829349	-0.1145463068	-0.0968763681	0.0270925769	0.0216018485	0.0011302707	0.063937469	0.0532692123	0.0787063276	-0.0387505089	0.2590241655	-0.048895821	-0.0457995251	-0.0007326771	-0.0490149555	-0.0312826026	-0.0664229859	-0.071336824	-0.018522095	-0.0228717862	-0.0322956629	-0.2343872162	-0.0068337574	-0.0497158525	0.0111486397	0.036626584	0.1005651567	-0.0669468323	-0.0040211334	-0.2533113195	-0.0182170651	-0.0111999109	0.0643312024	-0.0630985101	0.0874813817	-0.0801416276	0.0262861834	0.1004312456	-0.0245952092	0.0841512974	-0.0156424652	-0.1162466134	-0.0131557726	-0.0269042546	-0.0566407413	0.0202097046	0.0167458754	-0.0100421296	-0.0515112751	0.052735351	-0.0262961812	-0.1630607357	-0.0241925852	-0.027879917	-0.0605231476	-0.0239819668	-0.0854217297	0.0370555686	-0.2655761916	-0.0378675403	-0.0343453693	-0.0116411757	-0.0375155326	-0.0135928104	-0.0370421966	-0.0464864223	0.0055390561	-0.0432796949	-0.1644132885	-0.2022652745	0.010792463	-0.0526612473	0.0201287799	0.0586442096	0.0651137426	0.0369532231	0.1315980194	-0.1412001639	0.1753107709	0.0287604368	-0.1033392433	0.0738598729	0.0624584786	0.0562527752	0.0322008117	0.0243597367	0.0901483853	-0.0238435537	0.0456124503	0.1173807651	-0.0166052173	-0.0576960709	0.0341044367	-0.0064664184	0.028810894	-0.0061065022	-0.0701245307	0.1459792801	0.0650095673	-0.0500587072	-0.0985229243	0.0021363302	0.0865928023	-0.0668606238	-0.1851345486	-0.1799646871	-0.0745609246	0.0344448305	-0.1215636027	0.0514285783	0.0598451862	-0.027841065	-0.0077988508	-0.0543681273	0.0330193249	-0.0423671809	-0.034769975	0.0985660992	0.0795775982	-0.0277722821	0.0191366172	-0.0580718567	0.0519976348	0.139455715	0.0550189718	-0.0951008313	-0.0853244667	0.036737026	0.0776238888	-0.0186974948	-0.1019099918	-0.028543	-0.0029105	8.471010249999999e-06	0.0008147028489999	0.0567129	-0.02132	0.0032163530264099	0.0004545424	-0.0632386	-0.0316101	0.00399912052996	0.00099919842201	1.86552e-05	0.0002136872	4.5662219443840006e-08	3.4801648704e-10	-1.73304e-05	-0.0001501864	2.255595474496e-08	3.0034276416e-10	-0.000352265	-0.000245984	1.24090630225e-07	6.0508128256e-08	0.0
280.2538667186068	-0.1054841645143938	78542.22981073061	0.0111269089632996	309.5600876030048	1.0019488905786602	95827.44783678	1.003901579331808	191.3480797931593	-0.0584778877963003	0.0034196633611166	36614.08764052925	191.38390842780777	316.98913077991534	1.243142	25.350506	0.0787657549999999	0.0568031	-0.0889727296	-0.2020640324	0.0144111047	-0.099902311	0.013102725	-0.0481067771	-0.0189961743	-0.1736174335	0.197519882	0.0597281222	0.037238648	0.0658860427	-0.0584109167	0.1274613317	-0.0153185645	0.0844373208	-0.0626709845	-0.1667400436	-0.0884196353	0.2358603078	-0.1106372916	0.0874678231	-0.0891811119	0.0129508741	-0.0100560831	-0.0296809914	0.0080143256	-0.0300511311	0.0390593029	-0.120812027	0.0362977879	0.1110544946	-0.0618768804	-0.0953741326	-0.0518880543	0.0486198851	0.160827498	-0.0247813715	0.0397961986	0.0741553403	-0.0929084366	0.1004794421	-0.0178681971	-0.0097236132	0.0515250612	-0.0897319023	0.0543407838	-0.0970911707	-0.0011999866	-0.0579583583	0.0490392609	-0.048054536	0.0364217112	-0.1906296763	-0.047568554	0.0678056648	-0.0140191274	-0.0483094536	0.0519287765	0.0151844857	0.0397580839	-0.0482112767	-0.0473914767	-0.0662198235	0.0611235659	0.1562914746	0.0957339806	-0.248004466	-0.087653271	0.0951791992	-0.0663130276	0.035324359	-0.0295724958	-0.0162115699	0.0026844273	-0.0309734922	-0.000126605	-0.0872395374	0.1140776509	0.1147003872	-0.0159869818	-0.084073079	0.0384380273	0.0167247428	-0.1649414056	-0.0046526515	0.0306772341	-0.0671082117	0.0794218693	-0.0736132147	0.038433903	0.026437678	-0.115635734	-0.1088085526	-0.0207246372	0.0564886027	-0.0383257338	-0.0337222627	-0.0181496676	-0.0476497561	-0.1533458699	0.0944089037	0.1094704561	-0.0653313936	-0.0060701246	-0.0461014085	0.0542254003	-0.051305561	0.0683590681	0.0026206407	-0.0270363946	0.0863879624	0.0895586331	-0.1907686623	0.0186653437	0.0537022202	0.2020614689	0.0253717128	0.104779772	0.0158987386	-0.0564233004	-0.0732478849	-0.1073864867	0.0030967491	0.0532027626	0.0439424735	0.0315182365	0.0372715956	-0.0359294813	0.0768181099	0.0526998883	-0.036456534	0.0360055568	-0.0500919413	0.0224057067	0.0231501631	0.0434292672	0.0755650422	-0.0239750208	-0.1058801375	-0.0307696	-0.0022266	4.95774756000001e-06	0.00094676828416	0.110856	0.0541431	0.0122890527359999	0.00293147527761	-0.0504474	0.0127912	0.00254494016676	0.00016361479744	-6.05133e-05	-7.91685e-05	6.267651392250001e-09	3.6618594768899996e-09	-0.000130259	-0.0001129286	1.275286869796e-08	1.6967407081e-08	-0.000352265	0.0	1.24090630225e-07	0.0	0.0
279.83931408140324	-0.4145526372035419	78310.04170555025	0.1718538890124114	308.5302489447824	-1.0298386582223884	95190.9145139294	1.0605676619692894	191.22469547666063	-0.1233843164986581	0.015223689557841	36566.88416014159	191.24316638314195	316.09157600979444	1.310997	26.734222	0.0479532779999999	0.0316977	-0.117639974	0.0422757437	0.0928162438	-0.1336108238	0.0442273206	-0.2123670841	-0.1706309294	-0.0339382193	0.170959162	0.0512369363	0.0408311023	-0.0593567205	-0.192236722	-0.1218354294	0.024119574	0.0874585325	0.1727561579	-0.0249511282	0.1094100652	0.2227773596	-0.0760583443	0.0770760267	0.0323808572	0.1392333073	0.0666214548	-0.0512494856	-0.0544310677	-0.0684849456	0.0061122888	-0.0565469412	-0.1233373199	-0.0686915974	0.0363177442	0.1068131213	-0.0969216389	-0.0217839804	0.0495588709	0.1047075196	0.0657447469	-0.1010835031	0.1526273102	-0.2614083929	-0.1873556993	-0.1191447239	-0.0131597894	0.0365987743	-0.0826546123	0.0729950278	-0.1205790564	0.0054116025	-0.0721139261	-0.065351992	-0.058085573	0.0448050009	0.0713728569	-0.1143929526	0.0133408745	0.1163378413	-0.0896956943	0.0388489696	-0.0902553255	0.1062754828	-0.0733699362	0.0994078861	-0.0067438133	0.0356258168	-0.1115663845	-0.2252824984	-0.0430676037	0.0561784399	0.0514840956	0.1608572896	0.0708408163	-0.0488818068	-0.0454782554	-0.0514829368	-0.0440612866	-0.1223300013	-0.0645602619	-0.0303869062	-0.0116715519	0.0514074334	-0.1708386366	0.0193951305	-0.0255662808	-0.1345160067	0.0011724845	0.0275713942	-0.0492957843	0.3026525029	0.1608045656	-0.0817025379	0.0998399284	0.1109291226	0.0114541378	-0.1055613598	0.0189390196	-0.0951686813	0.0425588556	-0.0863382167	0.0522997484	-0.0404214114	-0.0865937636	0.0703285213	0.0243791275	0.094957538	-0.131309424	0.0918634845	-0.0291319304	-0.0337272728	0.1368434199	-0.0240844869	-0.0054701407	-0.2174682578	0.1051352608	-0.1040397032	-0.02066827	-0.0035486415	-0.0648502729	0.1776112591	-0.110090531	-0.0317956836	-0.0494819753	0.2398475084	-0.0157056436	-0.0314558898	0.0709542969	0.0420414603	-0.0245768547	0.0758463102	0.0388145906	0.0229800601	0.029549708	-0.0827112204	0.046280374	0.016058861	0.0679128304	0.0734681463	-0.0292042644	-0.1093706198	-0.0323802	-0.0016105999999999	2.5940323599999896e-06	0.00104847735204	0.0822501999999999	-0.0286058	0.0067650954000399	0.00081829179364	-0.0535413	-0.0030938999999999	0.00286667080569	9.57221720999998e-06	9.90508e-05	0.0001595640999999	2.546070200881e-08	9.81106098064e-09	3.03646e-06	0.00013329546	1.77676796566116e-08	9.2200893316e-12	-0.000352265	0.0	1.24090630225e-07	0.0	0.0
279.2516353748383	-0.5876787065649296	77981.47585952166	0.3453662621498286	308.67795129757604	0.147702352793658	95282.07761726872	0.0218159850207822	190.66169331573263	-0.5630021609279936	0.3169714332095904	36351.88129802248	190.70793240506885	313.29488596551573	1.31291	26.773233	0.0292198579999999	0.0193131	-0.0102178498	0.0207506923	-0.0061260572	-0.2162675663	0.1096975186	-0.1694653146	-0.0076067768	0.0472238954	0.2351287261	0.2149734545	-0.0077465062	0.027007121	-0.0934572759	0.1024568778	0.0748388732	-0.0406231581	-0.0275262387	0.0272371703	0.0981035716	0.1303784314	-0.3770561069	0.1286305012	-0.0319422852	0.0224840005	-0.0112698713	-0.072840842	0.0615333823	0.0305969284	0.0050559823	-0.0369417623	0.0604946988	-0.0521175798	-0.0439113882	0.0145269202	0.2851907972	-0.1623504996	0.0206293102	-0.0876819985	0.0255123924	0.1611827422	0.1475602925	0.0245617147	0.0288599104	-0.0315350153	0.1075301057	-0.0731045531	-0.0786728492	-0.0182139013	-0.1931799138	-0.0347431626	-0.0854769002	-0.0742153992	0.0672026623	0.0140099778	-0.0331003418	0.0700010827	0.1463642082	0.0363734882	-0.0219734592	-0.0752087824	-0.0513329185	-0.070119048	-0.0247013032	0.0982336175	0.0166089854	-0.0294437889	-0.1004770459	-0.1592963492	-0.3525597484	0.1746478826	-0.0083755649	0.0395588618	-0.0246016519	-0.0724268049	0.0526076659	0.0411843459	-0.0151775558	-0.0025056144	0.0644344041	-0.0974522258	-0.0332769582	0.0553722424	0.1985906407	-0.2346077144	0.0688334233	0.0249107304	-0.0955737217	-0.1157683355	-0.0006075934	0.0717035603	-0.0143252211	-0.1180956932	-0.1264863495	-0.0746275581	0.0224736083	-0.1271568104	0.0357198026	-0.1664869912	0.042069191	-0.0699572392	0.0994709555	0.0732384506	-0.008719268	0.0167529808	0.1595047823	-0.0940924588	0.017744401	-0.0777918444	-0.1013149329	0.044341911	0.0531626547	-0.0350420652	-0.0004162004	-0.2321115331	-0.133555604	0.0021204779	0.0359925	0.0674758527	0.0556970767	0.0986919154	0.1227101342	-0.2617091013	-0.1343741408	0.0181106844	-0.0837899995	0.1661901435	-0.0636230754	-0.0461362028	-0.0261307652	-0.035850975	0.0691512514	-0.1159387523	-0.0223337638	-0.2171047065	0.0212629499	0.0743559843	-0.0598880998	0.0713342571	-0.0343746944	-0.1123656258	-0.0322231	0.0001571	2.468041000000009e-08	0.00103832817361	0.0634089	-0.0188412999999998	0.00402068859921	0.0003549945856899	-0.0583718	-0.0048305	0.00340726703524	2.333373025000001e-05	1.86552e-05	-8.039559999999999e-05	6.463452499359999e-09	3.4801648704e-10	-2.43871e-05	-2.742356e-05	7.520516430736e-10	5.947306464099998e-10	-0.000352265	0.0	1.24090630225e-07	0.0	0.0
278.2989607391091	-0.9526746357292382	77450.31154846818	0.9075889615618368	306.08747495485653	-2.590476342719512	93689.54232423993	6.710567682189459	190.4325327179984	-0.2291605977342214	0.0525145795539056	36264.54951739153	190.46082677872184	306.6873690176095	1.518489	30.965458	0.257416445	0.145787	0.1709308389	-0.0458965001	0.0954921158	0.0401218496	0.0713932103	-0.0797091441	0.0254150682	-0.0569449524	-0.0845147318	0.1795672669	0.0747068569	-0.0333958401	-0.1373367126	-0.0017556356	0.1450763062	0.0530073657	-0.0493562499	-0.0057994275	0.0039582553	-0.0447615439	-0.190363963	0.1139562519	-0.1083266817	-0.2198748081	0.0505324521	0.0196603837	0.1334663902	0.014084234	0.0345471956	-0.0505691467	0.0443891953	-0.1242525014	-0.2773261725	0.082824672	-0.1373203062	0.0210935629	-0.056083958	0.1088011679	-0.055358147	-0.1364557066	0.0167352544	0.0251446082	0.0890808094	0.0826926461	-0.0223141934	0.0638507424	0.1413339134	-0.017093903	-0.0352792282	-0.0347087154	-0.1485836655	0.0171183418	0.1601798738	0.142021901	0.062386658	-0.1563567479	-0.0559109	0.1116445896	0.0889604429	0.0545341496	-0.0291510132	-0.0460283713	0.0318816103	0.2704137091	-0.0057832628	0.0029294822	-0.0038850778	0.0303636344	-0.1535211901	0.1988813849	-0.1085622909	-0.1999681788	0.0597496005	-0.013780313	0.0993459977	-0.0180101058	0.0010832092	-0.0281185374	0.1114806538	-0.0434912689	-0.3246749891	0.0194227033	-0.1241471601	0.0780353405	0.0163151745	-0.0396091948	-0.0587484248	0.1193401108	-0.1406586714	-0.0892983705	-0.0851587549	0.0730546216	0.0618097523	0.066645329	-0.082794172	0.1454356131	0.0295090124	-0.0520554938	0.0904697254	-0.0284758457	0.2435546849	0.112908342	-0.11615342	0.0816041863	0.0037754882	0.1874801642	-0.0106954642	-0.109742905	0.0450133725	-0.0604449936	0.1631484355	-0.1905427637	-0.0291440224	0.0669269738	0.0646213259	0.0311476139	0.1063170606	0.0649301018	0.0653665588	0.2183261915	0.1692267982	-0.1212714206	-0.1401129263	0.1418759271	0.0220939964	0.0472633586	0.0580698173	-0.2424707825	-0.0472782486	0.1365690657	-0.1738479945	-0.0567965644	0.1334706541	-0.1638502564	0.0476916559	0.0516340861	-0.1992024802	0.0691644489	-0.0394758984	-0.1148515874	-0.0331476	-0.0009245	8.547002500000032e-07	0.00109876338576	0.109552	0.0461430999999999	0.012001640704	0.0021291856776099	0.0719471	0.1303189	0.00517638519841	0.01698301569721	0.000240486	0.0002218307999999	4.920890382864e-08	5.7833516196e-08	0.00110893	0.0011333171	1.28440764915241e-06	1.2297257449e-06	-0.000597716	-0.000245451	3.57264416656e-07	6.024619340099999e-08	1.0
278.41634690347377	0.1173861643646887	77515.66222307544	0.0137795115842537	304.88003755765715	-1.207437397199385	92951.83730115843	1.4579050681556256	190.7488509284125	0.3163182104140958	0.1000572102395761	36385.124130509736	190.7583560509645	301.8384980177413	1.348019	27.489166	0.07010645	0.0325528	0.1596629595	0.1014923887	0.2262597097	0.0608810319	0.0878094649	0.0358324321	-0.1065522974	0.0527537219	-0.2175762432	0.1676902489	0.070720599	0.0012560646	0.0066661445	-0.019747022	0.1567341738	-0.0207509338	0.2656763788	-0.0487871155	0.1286492845	-0.1213206829	0.090126252	-0.1304687075	-0.1925301599	-0.0215108596	0.1399032001	-0.0472391478	-0.0430080614	-0.1454264648	-0.0078970278	-0.1203006763	0.0388208095	0.0349630171	-0.1592987442	0.1497177975	0.1215966959	-0.0700892703	0.0048705127	-0.0116482028	0.1185518179	-0.0330680378	-0.1151292905	0.004182699	-0.1384139839	-0.0919106871	0.1204711848	-0.0216403849	-0.0760189567	-0.137952949	-0.0189200415	0.0918306331	0.0369186729	0.0628594707	-0.0945149053	0.0294146203	-0.0701872281	-0.1067529175	0.015102286	0.1110611216	-0.0053005255	-0.1078596158	-0.0744307457	-0.0812293941	-0.091939428	-0.0291977417	0.1155565817	0.0644712499	-0.126925984	0.1255929134	0.0799531651	-0.0915997607	-0.2272603832	-0.0192825064	0.1152397187	-0.055588235	-0.0708558209	-0.1219669902	-0.093502865	-0.086685958	0.1084612136	0.0108903343	-0.1052493162	0.1727632182	0.0627082756	-0.085806319	0.0349673238	-0.0626131953	0.1535985505	-0.0635275081	0.0414701063	0.019352703	0.1535575071	-0.0273174296	-0.154532442	-0.0150660207	-0.0751996043	-0.0678803857	0.1268575058	0.0554833051	-0.0393644683	-0.0131748251	-0.0249663378	-0.0177094882	-0.1645161914	-0.0662494875	0.0184988064	0.0684468966	0.029679388	0.0305982584	-0.1025123956	0.0215251911	0.0340563332	0.1154641718	0.1007671219	0.1028095193	0.1657883994	-0.1420621326	0.0287798963	0.1712454584	0.0137367913	0.1884999235	-0.0439380161	0.0813712053	0.050710296	0.0152526396	-0.0623014558	-0.0618047616	-0.1119067414	-0.0970225647	-0.1481438802	-0.0129946499	0.0348162066	0.0513748955	0.0970696323	0.0230801547	-0.0627244167	0.067215978	0.1482719837	0.0669598143	-0.0444976032	-0.1168172427	-0.0391473	-0.0059997	3.599640009000004e-05	0.00153251109729	0.127897	0.018345	0.016357642609	0.000336539025	0.0843408999999999	0.0123937999999999	0.0071133874128099	0.0001536062784399	0.000754639	0.000514153	2.643533074090001e-07	5.694800203209999e-07	0.00098799	-0.0001209399999999	1.4626483599999984e-08	9.761242401e-07	-0.000629982	-3.226599999999998e-05	3.96877320324e-07	1.0410947559999987e-09	0.0
279.56571820707467	1.1493713036009012	78156.99079663747	1.321054393541235	307.05826656304754	2.178229005390392	94284.77906470356	4.744681599924017	190.7178530421555	-0.0309978862570119	0.0009608689524026	36373.29946900922	190.7379422399618	309.90518413242955	1.323963	26.998623	0.09545245	0.0713422	0.0891314766	0.0971984445	-0.0324503319	-0.0124613463	0.0173774296	-0.0778980017	0.0667114906	0.1544803064	-0.0296617452	0.0248570366	0.0337675508	-0.052774986	-0.0753151445	0.0903823068	0.0123627697	-0.1869496808	0.1460173252	0.0776130803	0.054674608	-0.0953032657	-0.0199042757	-0.0206063602	0.0739119042	0.0949028237	-0.0307933379	0.0225968248	0.0871724674	0.0782794313	0.1083926913	0.0708964661	0.1502194657	-0.0905351824	-0.0350748549	-0.0006575193	0.0374640838	0.0048588685	0.0565425993	0.0066112024	-0.0857849673	-0.0133162447	0.0254941884	-0.0033254658	-0.078797969	0.0553149493	0.1052179769	-0.0343010531	0.0713357923	-0.1194268324	-0.0131103288	0.1539678662	0.0575188408	0.1769709555	-0.0132474999	0.0752095709	0.0060251354	0.0759385952	0.1001982093	0.0242752905	0.131518076	0.0239778564	-0.0040975953	0.1387754802	0.0351970055	-0.0569311631	-0.0652757259	-0.0764756591	-0.0496188159	0.0985340569	-0.0336422473	-0.022890497	0.0775592803	0.0621873805	-0.0159545721	0.0223692908	0.0672511349	0.0339169088	0.1404095901	0.1204048849	0.093687077	-0.1134937071	-0.0443561616	-0.0022808612	0.0458025576	0.0096855921	-0.0748127105	0.008317575	-0.0601791147	0.0556670387	0.0064852828	0.0467006096	0.0463992759	0.0070208095	-0.1550971782	0.0168230281	-0.0062432711	0.0571693591	0.2246216698	0.0888244465	-0.0236624244	0.1742195252	0.015123274	-0.0098778672	-0.0429562164	0.018693726	0.0633993987	-0.0754447522	0.0986480747	0.1472796453	0.0969110618	0.0355608037	-0.0198808073	0.0046797796	-0.1057106537	0.0468175002	-0.0622967811	-0.0611222029	-0.032993842	-0.0198561537	0.0133119584	0.0953286492	0.0349555885	-0.0460797259	0.0926427195	0.0041790119	-0.008416896	0.038370504	-0.137447662	-0.0183472614	-0.0359639655	-0.0879250205	0.0469684859	-0.0784380849	0.0740050262	-0.0740680568	0.1259402698	-0.0381005268	0.107073413	0.0647214634	-0.0494296957	-0.1182536866	-0.0442301	-0.0050827999999999	2.5834855839999984e-05	0.00195630174601	0.0573059	-0.0705911	0.00328396617481	0.00498310339921	0.0718414	-0.0124994999999999	0.00516118675396	0.0001562375002499	0.000645764	-0.000108875	1.1853765625000008e-08	4.1701114369600005e-07	0.000955479	-3.251100000000004e-05	1.0569651210000027e-09	9.12940119441e-07	-0.000634177	-4.195000000000023e-06	4.02180467329e-07	1.7598025000000197e-11	0.0
279.3634184871425	-0.2022997199321707	78043.9195888223	0.0409251766846347	307.18457060994825	0.1263040469007137	94362.36042081828	0.0159527122634976	191.12971476549072	0.4118617233352211	0.1696300791486581	36530.56786633784	191.1345097654432	311.4241310825133	1.140358	23.25449	0.0781840499999999	0.0491358	0.0870114136	-0.0270457335	0.0500102539	0.1251948719	0.0475114362	-0.1042714925	0.0250894885	-0.0286666095	-0.1107372196	0.0581216251	0.0273937704	-0.0995587302	0.032961388	0.0565363436	0.0225476334	0.0019658063	-0.0295510097	-0.0669515149	-0.07408126	-0.0282763326	0.0985153952	-0.1591818238	-0.1372385934	-0.0690551347	-0.0446535953	-0.0749561285	0.0637186486	0.0252995607	-0.1129758321	-0.0594507563	-0.0438365366	-0.0516522526	0.0400814398	-0.0026919922	0.0124559881	0.0041572711	-0.0436716103	0.1024777492	0.0448074651	-0.1473403593	0.0596403642	-0.1610230457	0.0683013544	0.025328151	0.0035011819	0.0184614962	-0.0245436153	-0.09165403	-0.1401708532	-0.0913750269	0.0105104067	0.1843110436	-0.0430946152	0.0386525729	0.2107493215	0.080163128	-0.1197253288	0.0262743681	0.0913691517	0.0191870832	0.0827714597	-0.0445154241	0.0386410353	-0.1096873872	0.0126092198	0.0617929467	0.0724598943	0.0329867242	0.0740732403	-0.1366042579	-0.1667025324	-0.0793553267	-0.0267595028	-0.0359673235	0.0797574804	0.0866138224	-0.1251861874	-0.0529659952	-0.045298671	-0.0419791665	0.0144649155	-0.0258851961	-0.0194394242	0.0467986655	0.0465500021	-0.105270196	0.0712427015	0.0861179464	-0.0882855045	0.1695989895	-0.0822510814	0.0511696991	0.0100107181	-0.0229846153	-0.0767033157	-0.0334923053	0.0658230514	-0.1214869558	0.0475778651	0.1883866334	-0.0270209607	-0.0826134307	0.0051382396	0.1889451963	-0.0382870421	0.1187755279	0.1439472875	-0.059014658	0.0914946125	0.0485798547	-0.1097329227	0.0138991569	0.0337895407	0.0973852784	-0.0007557807	0.0003140463	0.0554313264	0.0923053596	0.1791997642	0.1076755068	0.0248753283	0.0541648004	0.0833113654	-0.0163978941	0.0540200118	0.007946669	-0.0145591819	-0.069986801	0.0675574526	-0.0162596106	0.0109455959	0.0649397545	-0.0415114175	0.1688763934	0.0690106755	-0.0236025587	-0.0163864107	0.0624505233	-0.0542622434	-0.1191544118	-0.0564761	-0.012246	0.000149964516	0.00318954987121	0.100413	0.0431071	0.010082770569	0.00185822207041	0.0766006999999999	0.0047592999999998	0.0058676672404899	2.2650936489999014e-05	0.000368046	-0.0002777179999999	7.712728752399996e-08	1.35457858116e-07	0.000924118	-3.136099999999993e-05	9.835123209999959e-10	8.539940779240001e-07	-0.000686531	-5.235400000000001e-05	4.71324813961e-07	2.7409413160000006e-09	0.0
278.8058208022376	-0.5575976849049198	77732.68571320942	0.3109151782113262	306.8805839532441	-0.3039866567041258	94175.69280748413	0.092407887454152	190.85475298289504	-0.2749617825956818	0.0756039818881949	36425.536736161885	190.89033692216304	306.7155559527924	1.119005	22.819052	0.06640045	0.0383721	0.1573506799	0.0620841121	0.0278290206	0.0286930008	0.0789088028	0.0358459957	0.0381784216	0.0536959761	-0.1080483235	0.0939137043	0.0644405147	0.0388257467	-0.0921288876	-0.0532352133	0.1350313419	-0.0196659981	-0.0239686244	0.0863681655	0.0194099626	0.0046332308	-0.0040074789	0.0114666561	-0.0021383348	-0.0921284138	0.1395070102	0.0200526472	-0.0820540053	0.0014111238	-0.0449949237	-0.0331619554	0.1962289301	0.0136130834	-0.0817669197	-0.1201246445	0.0108197329	0.124911122	-0.2426954765	-0.0706916953	-0.1082537942	0.0560562508	-0.0688133709	-0.0271899171	0.0215267425	0.1154966798	-0.0328809523	0.0783268068	-0.0583764244	-0.1035757438	0.1127096876	-0.1157747629	0.0064707447	0.1044365755	-0.144792439	0.0287687507	0.1299338445	-0.0087815768	-0.0186311574	-0.0496101653	0.0401717618	-0.0972927068	0.1003202725	0.0188058033	0.0640873264	0.0428777465	-0.0015969755	-0.0883813572	-0.0234554848	-0.0037897324	0.0158659054	0.0307699714	-0.005953645	-0.0924328744	0.0969995309	-0.0198075632	-0.1374556523	-0.000251417	-0.0457139378	0.096158681	0.1906144162	0.0331795353	-0.0715690758	-0.1103228503	0.0939942169	0.1379000505	0.1915493306	0.1584121655	-0.003822103	0.0547591124	0.0702882875	-0.028412093	-0.0383928069	0.1288848077	0.04543333	0.0002964277	-0.1105794213	-0.055886851	-0.0859472875	0.0617655137	0.0221605887	0.1021273305	-0.0987042368	-0.1039461496	-0.0989350291	0.1382021079	-0.071777181	-0.0231162106	0.0764361352	-0.0180958499	0.0163008651	0.137307211	0.0040526972	-0.0506993089	0.0318793415	0.1114043577	0.0637578812	-0.0082993497	-0.0013439965	0.0230199042	-0.1302552334	0.2380405402	0.1062010241	-0.0180579133	0.1192143753	0.0161140908	-0.0664980571	0.0511245115	-0.037805776	0.0429179194	-0.0305854915	0.0512075121	0.0359008371	-0.049981296	-0.0289398321	-0.0713941253	0.0520537877	-0.0107229554	-0.1197947332	0.0601481375	-0.0589855141	-0.1195153378	-0.0628352	-0.0063590999999999	4.043815280999991e-05	0.0039482623590399	0.079389	-0.021024	0.006302613321	0.000442008576	0.107624	0.0310233000000001	0.011582925376	0.00096244514289	0.000341744	-2.630200000000002e-05	6.917952040000011e-10	1.16788961536e-07	0.00102036	9.624200000000009e-05	9.262522564000014e-09	1.0411345296000003e-06	-0.000723868	-3.7337000000000026e-05	5.23984881424e-07	1.3940515690000016e-09	0.0
279.1209331627123	0.3151123604746999	77908.4953296233	0.0992957997239372	306.10723927933304	-0.7733446739110832	93701.64193921484	0.5980619846666396	190.8565316735348	0.0017786906397532	3.1637403919457262e-06	36426.21568245099	190.85563206698487	306.0558432294691	1.104186	22.516867	0.0709994499999999	0.0406852	0.130569586	-0.0623700787	0.0688475103	0.083701226	0.0191745174	-0.0229934311	0.0551275583	-0.0495921441	-0.1379108284	0.1189475973	-0.0620926696	-0.0988945399	0.1252327649	0.0748522196	0.0551686133	-0.0689143105	0.0093050156	-0.0598062208	-0.0738644558	-0.0808785009	0.0811292301	0.0105726852	-0.0556318375	-0.0799459362	0.0958336391	0.0422974298	0.0260474937	0.1184164579	-0.0440662943	0.0084164378	-0.0258614772	-0.0892564726	0.2276535958	-0.0415972001	0.0668517036	0.1098874782	-0.0381674833	0.0173181292	0.0467488386	-0.0185841535	-0.0934265713	-0.0842276997	0.0517218234	0.1202436094	0.1247901769	-0.0130859011	0.1271297213	0.1241636253	-0.0175152609	-0.038349237	-0.1199370768	0.0563230146	0.0326940843	-0.0371775432	-0.0777782701	0.0239659365	-0.0217802348	-0.2036208377	0.0414045837	0.164751299	0.1280678713	-0.0028884102	-0.0824503447	0.0040269889	-0.034118506	0.0597982279	0.08237754	0.0831845119	0.0786199347	0.0296497688	-0.0696106108	-0.080598764	0.0861158841	0.0064319887	0.0278868837	0.1294133641	-0.0070794367	0.0352086087	-0.0809664636	-0.1391404018	0.1844146088	-0.0280282102	0.0524850673	0.077045947	0.0434824598	-0.0113359455	0.0579541317	-0.0113908711	0.0590418749	0.0301411656	-0.1074518213	0.1354751483	-0.0662913015	0.1547581814	0.0419839549	0.1035895382	-0.0509999008	-0.0527578483	0.1431874985	0.0537487211	0.0516593533	0.0181461745	0.0756997447	-0.1126638608	-0.1408385026	-0.1121202225	-0.0614536724	-0.1146091392	0.1700965558	-0.0706684868	-0.0360918684	0.0029384464	-0.0133358046	0.0956566825	0.0036020713	0.0061155459	0.0110829371	0.002514478	0.1993962292	0.0920608177	0.047972692	0.0933273366	0.0957567067	-0.0303293011	0.0237269889	-0.0064539994	-0.1386206698	0.0430514517	0.0406029119	-0.0522885704	0.0252486007	0.0208510101	0.0639082163	0.108710642	0.0436903883	-0.0812826617	-0.0847530831	0.0578154653	-0.0635899959	-0.1193348294	-0.0573291	0.0055060999999999	3.031713720999992e-05	0.00328662570681	0.0618993	-0.0174897	0.00383152334049	0.00030588960609	0.0782251999999999	-0.0293988000000001	0.0061191819150399	0.00086428944144	0.000624649	0.000282905	8.003523902500001e-08	3.90186373201e-07	0.0010112	-9.160000000000027e-06	8.390560000000051e-11	1.02252544e-06	-0.0008038999999999	-8.003199999989999e-05	6.462552099998393e-07	6.4051210239839925e-09	0.0
279.5935455454285	0.4726123827162496	78172.55071066362	0.2233624642967308	307.6032773306132	1.496038051280152	94619.77622453411	2.238129850878115	190.5543549570872	-0.3021767164475761	0.0913107679630388	36310.96219311159	190.5745609919919	309.3582428726983	1.078202	21.986998	0.0902922	0.0562707	0.0377635467	0.0633146888	0.001231215	-0.0015451961	0.0264529765	0.1357058921	-0.0083261132	0.0633664956	-0.0684360942	0.0242066005	0.0496354969	0.117850391	0.1351409272	0.01003476	0.0426176353	-0.0070344753	-0.112216169	0.0819171719	0.0107651617	-0.1294278964	-0.0313494132	0.0368672328	-0.0683312284	-0.0338404496	-0.0067954792	0.0964596567	0.0817487586	0.0122860427	-0.0220591291	0.0190161161	0.0292422584	0.0211632949	-0.0722642863	-0.1613996262	0.0969203697	0.003752543	-0.0020853194	-0.03402934	0.1656674054	0.0219408462	0.1303094994	0.0150138237	0.013111031	0.0870021832	-0.0450002641	0.1645594936	0.105074808	0.1427940082	0.072133768	-0.0993589491	-0.0100157624	-0.08646514	0.0313449687	-0.0312469757	0.1642629766	0.029973525	-0.1091392361	0.0627369095	0.0119676349	-0.0510056998	0.0999242734	0.0892238223	0.008970091	0.0077897114	0.00499576	-0.081383245	-0.0224655487	0.1207635381	-0.0415992609	0.0450046933	-0.064419703	-0.0279254161	0.0091425843	0.0686581311	0.0685262898	0.0018290084	-0.0062320117	0.0690989002	0.0217935122	0.0423307572	-0.0375553688	-0.1477914563	0.1501766196	-0.0750361388	0.0340976273	-0.0329954171	-0.0398633538	-0.169479161	-0.1324326202	-0.0258881329	-0.0423798186	0.0416208743	0.1134349949	0.1734134595	-0.0118246643	0.073238437	-0.1156042816	-0.0253317485	-0.0081760206	-0.0610917797	-0.0417111318	-0.0304585472	0.0995915409	0.1531073787	-0.0181917822	0.112196535	-0.0104334434	0.0133037628	0.0757018668	0.1165137693	0.0122581608	0.0143350207	0.0249962591	0.0642866931	-0.0382567209	-0.0045360276	0.0020688249	0.1583103915	-0.0374671249	0.0810309479	0.1365601237	0.049468332	0.0493820078	-0.109333221	0.0825887471	0.0457605624	-0.0197869619	0.1120640995	0.0089393336	-0.0561381211	0.0368173041	-0.0807807854	-0.0495627245	0.1417483583	0.0807584257	0.0598207564	0.0645969376	0.0554536812	-0.0680664159	-0.1186137044	-0.0676728	-0.0103437	0.00010699212969	0.00457960785984	0.108081	0.0461817	0.011681502561	0.0021327494148899	0.0719096	-0.0063155999999998	0.00517099057216	3.988680335999865e-05	0.000119675	-0.000504974	2.549987406760001e-07	1.4322105624999998e-08	0.00096715	-4.405000000000012e-05	1.9404025000000108e-09	9.353791225e-07	-0.0008038999999999	0.0	6.462552099998393e-07	0.0	0.0
279.8412528736784	0.2477073282498736	78311.12680991001	0.0613589204686906	307.57605619522536	-0.0272211353878333	94603.03034460844	0.0007409902118027	190.57371784587667	0.019362888789459	0.0003749214622729	36318.34193359981	190.5731717189239	311.6081506596844	1.18268	24.117537	0.0512852599999999	0.0301102	0.0458366125	-0.1092156101	-0.0568330693	0.0544555021	-0.0569934593	-0.0234688452	0.101686031	-0.088221533	-0.0800573463	-0.0537510912	-0.0608863534	-0.0822650116	0.0153231578	-0.1492781669	0.0418270732	-0.0428212756	-0.0173497424	-0.0237568888	-0.1352693608	-0.1458866348	0.0278434504	0.0586971507	0.0678898321	0.1877939129	0.1754558048	-0.0583793452	-0.028411605	0.032653532	-0.0475863576	-0.0230308244	-0.0799637986	0.1129860336	-0.201093382	0.0764387271	-0.0039599517	-0.0023840846	0.0983131443	-0.0315881091	-0.0356422273	0.1279548049	-0.0655742109	-0.0540684352	-0.0980368035	0.0959032387	0.0168779523	0.189510524	0.0209943619	0.1002319426	-0.0488655423	-0.011353412	0.0025089545	-0.0369796509	-0.0472070754	-0.0643250399	-0.065164891	0.1991768497	-0.083439519	-0.0797464171	0.0732191549	0.0498656022	0.03820378	-0.1337208273	0.0073071405	-0.0260715467	-0.0353508567	0.0221514952	0.1398369729	0.147552958	0.0384324908	0.026369311	0.0797114421	0.1928573031	0.1592053519	-0.0631910652	-0.036619212	0.0325716111	-0.0601380483	-0.0388455229	-0.0110169492	0.1376815438	-0.1576447245	0.1248005435	0.0461706638	-0.0516957834	-0.0961834228	0.071472391	-0.0656701699	-0.0514943285	0.1332676088	-0.010670545	0.023533057	0.089460432	0.0275394783	0.1872728606	-0.0182044717	0.0001198196	-0.0031187751	-0.0685787522	-0.0184121564	-0.0573456074	-0.0504506403	-0.1298871419	0.138868684	-0.078082162	0.051156896	-0.0286556699	0.1340137846	-0.1415481703	0.0526544185	-0.0411234158	-0.0743207243	-0.0126983223	0.0504708336	0.0834491308	0.0750070254	0.0796521755	-0.0352499451	-0.136354784	0.0254588811	0.1648494511	0.024498081	0.1459360443	0.0504670036	0.022011666	0.1713924504	-0.0291211394	0.0389419313	0.1297202898	0.0094637159	-0.1016929474	-0.0145849015	0.0430853028	-0.0382164224	-0.0742469535	0.0871963023	0.0301810617	-0.0006522419	0.0530639746	-0.0724057592	-0.1173552296	-0.0680271	-0.0003542999999999	1.2552848999999146e-07	0.0046276863344099	0.0881249999999999	-0.0199560000000001	0.0077660156249999	0.000398241936	0.0919924	0.0200827999999999	0.00846260165776	0.0004033188558399	-4.32282e-05	-0.0001629032	2.6537452570240004e-08	1.86867727524e-09	0.00102209	5.494000000000007e-05	3.018403600000007e-09	1.0446679681e-06	-0.0008038999999999	0.0	6.462552099998393e-07	0.0	0.0
280.09442674258577	0.2531738689073677	78452.88789225774	0.064097007897525	307.96634137285486	0.3902851776294938	94843.26741858176	0.1523225198772855	190.7651605200148	0.1914426741381305	0.0366502974811584	36391.34646822701	190.7558270843936	312.5426839004272	1.204724	24.567059	0.0698147599999999	0.0408271	-0.0587354321	0.0713084603	0.0971302037	0.0828138795	-0.0569350254	0.0409700346	-0.1224072954	0.0080247204	-0.0781594828	-0.0580783058	-0.013128746	-0.020055384	0.2219130461	0.102695347	-0.0327165888	0.1055061044	0.0846426573	-0.0255286548	0.1039530702	-0.0877812154	0.0520646818	0.1597279214	-0.0081315048	0.071406234	-0.1032239909	-0.0792377487	0.1350174468	0.0343498843	-0.0156167054	-0.0495671927	-0.0184454148	0.0379380489	0.0231548135	0.0646647467	-0.1249969517	-0.0590664552	-0.0513919052	-0.0618978018	0.1445161796	-0.0200201094	0.038267931	-0.015418623	0.0468691844	0.021847599	0.0552919591	0.1335509534	0.0235595252	-0.1123497205	-0.0699051581	-0.0529793384	-0.1037684289	-0.0252098214	0.026742292	0.0507819396	0.0244615038	-0.0219983333	0.0199494358	-0.1716406686	-0.0358180119	-0.0501040275	-0.0460137177	0.0169113898	-0.0161472319	-0.1290051438	-0.0585249254	0.0371126626	-0.0996489897	0.0896966867	0.0468119786	0.1195718542	0.0219301903	0.1109172713	-0.1048252207	-0.0416480317	0.1525476817	0.0454953579	-0.0224457501	-0.0508143406	0.0127316374	0.0645338913	0.0136080935	0.0175165604	-0.1379119311	-0.0011323881	0.0301864912	0.0003282302	0.0532612414	-0.1412569329	-0.0806687695	0.010652568	-0.0571146433	0.0331027231	-0.0118541905	0.0569706172	-0.1367340103	-0.0248451829	0.0412472893	-0.0958739022	0.090579691	-0.013672657	0.0284391436	0.0174618045	0.0185757953	0.0549964958	-0.1240677024	-0.1365145218	0.0579488037	0.0693759396	-0.0958252023	-0.0250346776	-0.0643737697	0.1520935854	-0.096948518	0.0540090415	0.0099263622	-0.014714515	-0.082247478	0.1374140424	0.1086272814	-0.0109126635	0.0281192762	0.1696000846	0.0026557175	0.0908940054	-0.0328325741	0.0272489734	0.1010165786	0.2060602743	0.1389309324	-0.0814689201	-0.0822071761	-0.0218290548	-0.0286713721	-0.0064206152	0.0305452436	0.0130049074	-0.0493648195	0.0506475487	-0.0765992869	-0.1155651064	-0.0675879	0.0004391999999999	1.9289663999998846e-07	0.00456812422641	0.0828883	-0.0052366999999999	0.00687047027689	2.742302688999895e-05	0.0613201	-0.0306723	0.00376015466401	0.00094078998729	0.000294047	0.0003372752	1.1375456053504003e-07	8.646363820900003e-08	0.000743292	-0.000278798	7.772832480400001e-08	5.52482997264e-07	-0.000750642	5.3257999999899966e-05	5.63463412164e-07	2.8364145639893446e-09	0.0
279.84433312381486	-0.2500936187709044	78312.85078151266	0.0625468181499264	308.18527283469194	0.2189314618370872	94978.16239219352	0.0479309849821239	191.0643628438314	0.299202323816587	0.0895220305772458	36505.59074891925	191.0713089005789	314.2442955272609	1.135383	23.153044	0.10515065	0.0512711	0.0367123794	0.0250321491	-0.0925780726	0.0031280592	-0.0852980044	0.0964122413	0.0777063151	0.0751198419	-0.0270069702	-0.0384262184	0.1078052608	0.0585138076	0.0613960126	0.0872155718	0.0128142236	0.0160488086	-0.0631186484	0.1497616159	-0.0502887629	0.017079526	0.112728813	0.0028614163	0.0173985001	-0.0744035417	-0.0922317278	-0.1711848052	-0.0047000986	-0.0306207947	0.0076157572	0.0088262819	0.0366851545	0.0070497091	-0.0293424329	0.0942883596	-0.1650511448	-0.0917928418	0.0071058514	0.0045512477	-0.1261900508	0.0597119862	-0.081385001	0.0125830506	0.0409253774	-0.0223561586	0.0820117486	0.0212767431	-0.0803222951	0.0264750084	0.1006764915	0.0403718327	-0.1137121701	-0.0394826881	-0.0814413674	0.0197025113	0.0459116945	0.0005316768	0.0173696517	-0.0729995764	-0.0237232177	-0.2032329227	-0.0441452945	-0.1393256755	0.0402095635	-0.049368211	-0.0105550679	-0.1531245847	0.0437931669	-0.0040212152	0.1058276725	-0.029934164	0.0211775291	-0.0486129404	-0.1457448356	-0.1411647656	0.0060422558	-0.027539751	-0.0087300848	-0.0134770069	0.0504806544	0.0371523501	-0.0403181256	0.0849362393	-0.1969633649	-0.0197624381	-0.0294182873	0.0776371695	-0.008666764	0.0875124256	0.0990515702	-0.0728448967	-0.0571464061	-0.0283802298	-0.0472078714	0.0367786633	0.0047271084	-0.0964984134	-0.041344264	0.103979975	0.0667618533	-0.1032306483	-0.0262099396	-0.0232225272	-0.0716359539	0.0477383536	-0.0271108855	-0.0512485842	0.0950757959	-0.0434897716	-0.1709974457	0.1042851613	-0.1132612033	-0.0077677814	0.042796654	0.1000288835	-0.1026993346	0.0785922995	0.0590651934	0.0557659675	-0.0825628805	0.0164423584	-0.0423616898	0.040546624	-0.0085654291	-0.0121891298	-0.1020553559	0.034115617	0.0974409573	0.0711511483	0.0278829855	0.0215083009	-0.0981693653	0.0642247769	-0.0603066728	-0.018005957	-0.0442371752	-0.0124307998	-0.1266872429	0.0482056202	-0.0806385538	-0.1132514443	-0.0469724	0.0206155	0.00042499884025	0.0022064063617599	0.108707	0.0258187	0.011817211849	0.00066660526969	0.0931533	0.0318331999999999	0.00867753730089	0.0010133526222399	0.000151504	-0.000142543	2.0318506849000005e-08	2.2953462016e-08	0.000590308	-0.000152984	2.3404104256e-08	3.48463534864e-07	-0.000508504	0.000242138	2.58576318016e-07	5.863081104400001e-08	0.0
279.6620587583561	-0.1822743654587384	78210.86710896224	0.0332239443033857	307.50635364661264	-0.6789191880793055	94560.1575330356	0.4609312639422634	190.8949614251233	-0.1694014187080768	0.0286968406603091	36440.88629749932	190.92225869737752	312.5964240699953	1.180374	24.070517	0.0424396069999999	0.0193063	0.0225696963	-0.0795615885	0.0922394614	0.1121709132	-0.071854683	-0.0576490937	-0.0402399851	-0.1222987654	-0.1099954977	-0.0206583	-0.0112956586	-0.044468874	-0.0420581597	-0.0388117125	0.0704717128	-0.0725671567	-0.080111736	-0.0991630717	0.0108068728	-0.0415868806	0.0987110207	0.0741341869	0.141503999	-0.1509726672	0.0700123466	-0.0754017707	-0.1842628854	0.1308870174	-0.0727788311	0.0009551555	0.0270691677	-0.0995742526	-0.1035325623	-0.0146362618	0.1978689486	-0.0560664485	-0.1461797479	-0.1816700618	0.0160517354	-0.1489049615	0.002914121	0.1082311977	-0.0365755562	-0.0461658137	0.0925641845	-0.020983003	0.074556259	0.1322378452	-0.0473359289	0.1110126324	0.065142536	0.0315737064	0.1023511579	0.0767621092	-0.1689947445	-0.0822785472	-0.0390919325	0.0345654923	-0.0103975274	0.0460547259	-0.0389650986	0.0466811239	0.0141616378	-0.009786208	0.0717280623	0.0982499354	-0.0001275514	0.0453345799	0.1126720357	0.0734232363	0.1353904477	-0.1543356602	0.0152133167	-0.105676345	-0.1901331569	0.1578236986	-0.0345416975	0.0308080275	-0.0187047722	-0.100649264	-0.0827376869	0.0277527397	0.1548248729	-0.1097349496	0.1457724781	0.1337438231	0.1270598043	0.0102354516	-0.1710585449	-0.0827622034	0.0766493166	-0.0740166367	-0.1023583963	0.0816140753	0.0841834526	0.0570009386	0.0825843418	-0.0050447891	-0.0890752903	0.0261149469	0.1183471803	0.0366565109	-0.0016073716	-0.1794503257	-0.038333624	0.0849482716	-0.0662685688	0.0757062005	0.0146260343	-0.023430327	-0.0007784318	-0.0258657992	0.0324549541	0.0794119911	0.1550530402	0.0459505515	-0.0363065033	-0.0338675842	0.0640555086	0.0833032492	-0.0215221941	0.0231881248	-0.0016091239	-0.1544740211	-0.0842637722	0.0854790566	0.0486349927	-0.040085663	0.02369055	-0.0074433101	-0.1055160508	0.0232085978	-0.0157183064	-0.0463796329	-0.0234806485	-0.0089268958	-0.0817070311	0.0457394187	-0.0845154255	-0.1104247249	-0.0600917	-0.0131193	0.00017211603249	0.00361101240889	0.0996467	-0.0090602999999999	0.00992946482089	8.208903608999988e-05	0.0970629	0.0039095999999999	0.00942120655641	1.5284972159999994e-05	4.96086e-06	-0.00014654314	2.14748918810596e-08	2.46101319396e-11	0.0007566129999999	0.0001663049999998	2.7657353024966734e-08	5.724632317688487e-07	-0.000522664	-1.416000000000004e-05	2.731776568960001e-07	2.0050560000000114e-10	0.0
279.501082560173	-0.160976198183107	78120.85515230865	0.0259133363814869	307.2584606934207	-0.247892953191922	94407.76166769036	0.0614509162422124	190.84918117997657	-0.0457802451467443	0.002095830845696	36423.40995706752	190.89455900264588	309.9836540533087	1.142721	23.302675	0.0721839069999999	0.0433674	0.0292013363	0.1269152826	0.0417510613	-0.0225847045	-0.022531071	0.0139017075	-0.0737911655	0.1062822843	-0.0834514569	0.0275328062	-0.0071988878	-0.0683721754	0.0329755476	-0.0795260302	-0.0393370723	0.1007779722	-0.0822598907	0.0522591738	0.0507507128	-0.0288137097	0.0895050032	-0.0813695727	0.0238699522	-0.0512294326	0.041866899	0.0589373347	0.0750817244	0.080083519	0.0913301167	-0.0449144568	-0.0166860056	0.2478978312	0.0047357864	0.151591044	0.1372061329	-0.1021615821	0.0539681112	0.1011709958	-0.059961322	0.0440029314	0.0460288684	-0.1803437755	-0.0586983169	-0.0044126361	0.0024589841	0.062042422	0.0252609354	-0.0056269978	0.0211729574	-0.0384326519	0.0252966167	-0.1318104239	0.059179352	-0.0198371238	-0.0642732797	0.0838763022	-0.0075902882	-0.1078066021	0.0680626072	0.0581005915	0.0906521621	-0.0327696138	0.1170908355	-0.1392940145	0.1267115083	-0.0471898456	-0.0560187353	0.0276823732	0.0878417084	-0.0665199113	-0.0092155033	-0.0790709037	0.0770587108	0.0550591458	0.0861536795	0.0488471214	0.1009613548	-0.0481167341	0.0492305768	0.1851366053	0.0495842969	0.2166189834	0.0870075492	-0.1148748824	0.0183559085	-0.0911385033	-0.0935651588	0.067764585	0.0762568257	0.1732156379	0.0044891849	0.0009847535	0.016181999	0.0762679911	-0.0417935965	0.0313625613	-0.0474059768	-0.0114124651	-0.0955227309	-0.0866344642	0.0211310282	0.0154586535	0.1066151087	-0.0480944681	-0.028495533	-0.1065095855	0.0748862437	-0.0084541075	0.104454956	0.0156818795	-0.1514316802	0.0153106957	0.0985836287	0.0626179374	-0.0530050361	-0.0285968724	-0.1048661782	0.1214487857	0.0500195225	0.0081322496	-0.0298940687	0.0240813944	0.0286686585	-0.0592351166	0.1147080399	-0.0031725676	-0.0410971389	0.006344143	0.0095218363	-0.097866229	-0.237010366	0.0742775152	-0.0302126096	0.0186348699	0.0354132505	0.0463169074	-0.0546616619	0.043250186	-0.0882220943	-0.1070977539	-0.0588769	0.0012147999999999	1.475739039999988e-06	0.00346648935361	0.0803176	-0.0193291	0.00645091686976	0.00037361410681	0.0722899	-0.0247729999999999	0.00522582964201	0.0006137015289999	0.000454892	0.0004499311399999	2.0243803074169961e-07	2.06926731664e-07	0.000816028	5.941500000010002e-05	3.530142225011885e-09	6.65901696784e-07	-0.000550658	-2.7993999999999936e-05	3.03224232964e-07	7.836640359999964e-10	0.0
279.4756813493293	-0.0254012108437109	78106.65646567185	0.0006452215123266	307.5023914732733	0.243930779852576	94557.7207617822	0.0595022253594859	190.9016331050065	0.052451925029942	0.0027512044393466	36443.43352215852	190.8978657417669	310.2076307244463	1.122841	22.89728	0.08049855	0.0454966	0.0978056611	-0.0349719433	-0.0694784571	-0.0905655521	-0.0159490108	0.0750679609	0.1229168625	0.0277710459	0.0088910607	0.0367901211	0.0793908626	0.0711787162	0.0649066438	-0.0289363439	-0.0793654598	0.0661004768	-0.0099041776	0.0516766703	-0.1315659233	-0.0165492468	-0.0058232787	0.018276023	-0.0539573028	0.0452842086	0.0059495956	0.0018623547	0.0055542062	-0.0448688906	0.0983504558	-0.0054655357	0.0611865532	-0.0058365979	0.0886099549	0.1277104653	-0.0024675152	-0.186736895	-0.0682418364	-0.0182350503	0.000591065	0.0803261826	0.0178640173	-0.0104791247	0.0600050433	0.0927776672	-0.2070367254	-0.0804526997	-0.0331358412	-0.0437203602	0.1662807979	-0.0589138305	-0.0669423208	0.0740159031	0.022070487	-0.002582473	-0.0113873207	-0.0616425208	-0.0418684961	-0.0558454781	-0.210411956	-0.0205535791	-0.1167349441	0.1351122352	0.0306988763	-0.1571909569	-0.0037759953	-0.0570970505	0.1306119608	0.0187502791	-0.0088260948	-0.0026705338	-0.0367493408	0.0668575458	-0.0208984651	-0.017512508	0.0068543871	-0.0587443521	0.0737695161	0.0047435599	0.0839470342	-0.0319436733	0.0650955004	0.0999946697	-0.1139065342	-0.1441322856	0.1146885211	0.0100834704	-0.106629939	-0.058069078	0.0096727553	0.0022086745	-0.0673431042	0.1041375804	0.1361751513	-0.1353431431	0.013501379	0.0366036807	-0.1450188895	0.129991962	0.0554031353	0.1084329209	0.0410008167	0.0247957795	0.0217497401	-0.0068881406	-0.1190925435	-0.0196421824	-0.1143780015	0.16450302	-0.1562647991	-0.0179456562	-0.0869262811	0.0353476765	-0.0968035446	0.0540869824	-0.0727208183	0.1267979803	0.0495440282	0.0186713685	-0.0955626626	0.0551391268	0.0005576939	0.0451115221	0.0410565861	0.0707943999	-0.0371780963	0.0199210086	0.1033540653	0.0926019478	0.0630224142	-0.0441604359	-0.1559273258	-0.0209838389	-0.0030921186	0.0292368138	-0.0755356714	0.0534444658	0.0041259439	0.0407391756	-0.0917510955	-0.1032856033	-0.062816	-0.0039390999999999	1.5516508809999953e-05	0.003945849856	0.107219	0.0269013999999999	0.0114959139609999	0.0007236853219599	0.0791465999999999	0.0068566999999998	0.0062641842915599	4.701433488999858e-05	-0.000102521	-0.000557413	3.10709252569e-07	1.0510555441e-08	0.000556695	-0.000259333	6.725360488900002e-08	3.09909323025e-07	-0.000589939	-3.928100000000006e-05	3.480280237210001e-07	1.5429969610000047e-09	0.0
279.5382927821262	0.0626114327968707	78141.6571315457	0.003920191516877	307.292166896955	-0.2102245763182963	94428.47583622605	0.0441943724882072	190.7977839628592	-0.1038491421473111	0.0107846443247324	36403.79436513789	190.79394490540608	310.6087186255961	1.18525	24.169947	0.06570479	0.0384782	0.0249034877	-0.080657329	0.108489868	-0.0100874007	-0.0524025167	-0.1028063889	-0.0140250445	-0.0954117411	-0.0282978623	0.0674347377	-0.0261207137	-0.0829258158	-0.0124119489	-0.0442874031	0.047056932	-0.1375381501	-0.0102631748	-0.0563259832	0.0400062861	-0.0955862219	-0.0238111978	-0.0377681648	0.0401649231	-0.1286427929	0.139498431	0.0071989963	-0.1176517778	0.072903965	0.0508815782	0.0960214232	-0.0372162107	-0.073132828	-0.0462460816	0.0611986034	-0.0634074327	0.011059817	0.1374611826	0.0174831476	0.0592803341	-0.1093787527	0.0782837211	0.0845106241	-0.0863542809	-0.0911427612	-0.0376441784	-0.0455721501	0.0069023474	0.0244169363	0.0976963278	0.0784360916	0.0355164696	-0.1487486506	0.0112104676	0.0157759391	0.1290823057	-0.0817207437	0.1377909999	-0.0008472565	0.0885490773	-0.0073526577	-0.1462107703	0.1251400077	0.2438143969	-0.1481339809	-0.0084732774	0.061878207	-0.0262248587	0.0861847437	-0.0196151382	-0.0053826743	0.0158838455	-0.125698753	0.1448042876	-0.0616628571	-0.1398088076	0.0513522271	0.0872233054	0.0253479956	-0.0809852409	-0.0530629361	-0.052710561	0.0399445649	-0.0647769582	0.0098677255	-0.1447017427	-0.0885193087	-0.0011502843	-0.0231161302	-0.1379539537	-0.0469740459	0.1354343612	-0.0920211725	0.0514349089	-0.00598724	0.0692969334	0.0202904754	-0.0038907817	0.1088735208	-0.0864721678	-0.1229171807	-0.0286813903	0.1015121309	-0.0587683894	0.1256053515	-0.0010984843	-0.077720872	0.0386265586	0.2590218209	0.0169805142	-0.0174128846	-0.1393433796	-0.1386903845	-0.1135558284	0.018033082	0.0830237304	0.0500793562	-0.0711580501	-0.0343568477	0.1281765684	0.0581541561	0.0092142407	-0.0614389878	0.0200996707	-0.1281764542	-0.0577527127	0.053587685	0.058583349	-0.0954129442	-0.0750062292	-0.0588927301	-0.0453962225	0.105056516	-0.0308907623	0.0082439884	-0.1034745115	-0.0612375238	-0.0079296662	0.0382076517	-0.0950953223	-0.0990055431	-0.0583329	0.0044830999999999	2.009818560999997e-05	0.00340272722241	0.0744507999999999	-0.0327682	0.0055429216206399	0.00107375493124	0.0705385	-0.0086080999999998	0.00497567998225	7.409938560999822e-05	8.21318e-05	0.0001846528	3.409665654784e-08	6.7456325712400005e-09	0.000755454	0.000198759	3.9505140081000034e-08	5.70710746116e-07	-0.000576443	1.3495999999999994e-05	3.322865322490001e-07	1.8214201599999982e-10	0.0
279.82213010178606	0.2838373196598809	78300.42449470088	0.0805636240317054	307.4243665416141	0.1321996446591242	94509.74114351271	0.0174767460479987	190.8269754349691	0.0291914721099146	0.0008521420439439	36414.93455365831	190.8261397559103	308.83346179200123	1.12349	22.910517	0.06775151	0.0337653	-0.0139769153	0.1028858887	0.1007982837	-0.0518096232	0.01583153	0.0734626947	-0.1078905177	0.0545558388	-0.0251476326	0.0126038456	0.082098616	0.0348024212	0.0771069195	0.007212829	-0.1654589546	-0.0058282389	0.061038522	0.0043201682	0.04042343	-0.0900582174	0.0647765171	-0.0604665887	-0.0412558606	0.0515942634	0.0085326768	-0.037641093	0.0987385006	0.0020510715	0.0613119948	0.0310437698	0.0342682242	0.0996899258	0.0830146948	0.1358379881	0.0042375573	0.1200044744	-0.0120479327	0.0024955128	-0.0951144971	-0.0353299342	0.1431768834	0.0825430701	-0.0773755453	-0.0268922837	0.0048697106	0.0411650366	-0.0322158484	0.0261066356	-0.0576182161	-0.0676045057	-0.0696749042	0.0157357538	0.07484959	0.1803903416	0.0415416072	0.044943866	0.0046609313	-0.0602989146	0.0200697593	0.0364352265	0.0820520529	-0.2043157006	0.0998048178	-0.0322364535	-0.1754799488	0.001112156	-0.0480056226	0.0892278359	0.0362434783	-0.0723163908	-0.0540324401	0.0385493154	0.0151360419	-0.0249522214	0.1057432774	-0.0153732309	0.0640515042	0.0082011035	0.0338599798	0.050273639	0.1053626079	0.1319341571	0.0183645088	0.1260310954	0.001865992	0.0163873134	-0.1150338695	0.0312031524	-0.0772714641	-0.0406125063	0.0869458756	-0.0664277612	0.0154859909	0.0589409956	-0.008309118	-0.0655786109	-0.0106478821	-0.0770056677	0.0129914039	0.0722502728	0.1542074285	-0.0063300987	-0.0143310092	0.0819101358	0.0191239026	-0.06005199	0.0528339588	-0.1649689925	0.0015957685	-0.0233395881	-0.1838042102	-0.0299995969	-0.0534925625	-0.002026873	-0.0269916359	-0.0054039954	-0.0706859512	0.1460690055	0.0249603661	-0.1000447666	-0.0640222954	-0.0039564705	-0.0453830832	0.0451328808	-0.0130206601	0.022929794	-0.0307987835	0.0218826308	0.0282029593	-0.1315533437	-0.0204717954	0.0188815562	0.0102302502	0.036757008	-0.1200931422	-0.1124452534	0.0635636114	0.0356568892	-0.0982480398	-0.094276963	-0.0463082	0.0120247	0.0001445934100899	0.00214444938724	0.0943129	0.0198621000000001	0.00889492310641	0.00039450301641	0.0480347	-0.0225038	0.00230733240409	0.00050642101444	0.000161562	7.943019999999999e-05	6.309156672039998e-09	2.6102279844e-08	0.000667264	-8.819000000000003e-05	7.777476100000007e-09	4.45241245696e-07	-0.000476845	9.959800000000006e-05	2.27381154025e-07	9.919761604000013e-09	0.0
280.5360533485875	0.7139232468014143	78700.47722840152	0.5096864023234731	308.6889149000407	1.2645483584265662	95288.84618216456	1.5990825507993234	190.9938770924701	0.166901657500972	0.0278561632765717	36478.66108681357	190.99288904059875	314.4315079644932	1.160079	23.656662	0.0507552599999999	0.0345581	-0.0193638432	0.0421034319	-0.1222313802	-0.0089089109	0.0551279773	0.157273443	0.0637354168	0.0839298704	0.0385426626	-0.1147260603	0.0889300571	0.1196850784	0.0140479219	-0.0822711716	0.0536158896	-0.0764294104	-0.0762117817	0.1082734883	-0.0201152728	-0.0500614356	0.076048323	0.0058677711	0.1398375649	0.0412135186	-0.0114126397	-0.4027035655	0.0281253028	0.0915681096	-0.0127637041	0.0136631967	0.0692184161	0.1176709167	-0.0327895262	-0.1548340946	-0.0827582635	0.0770508514	0.0012829877	0.0302517196	-0.0454001839	-0.0754955143	-0.0585125114	-0.0276781942	0.0387922102	0.107808431	-0.0228155545	-0.0157773169	-0.0542077171	-0.0682846837	0.0732796681	0.0210345119	0.145320909	0.0256038138	0.1092687245	-0.1398350611	-0.1989825988	0.0412513744	-0.0103013141	0.0867046471	0.0451814584	-0.0694278111	-0.0065485608	-0.0212798234	-0.0254217888	0.2158150868	-0.0402131374	-0.1107048493	0.0121358347	0.0602406597	0.0538304705	-0.0664780864	0.1497900562	0.0577214324	-0.0934448424	-0.3800282194	0.0433945097	0.0997486029	0.0038561334	0.0153088809	0.0765186422	0.1399989874	-0.0195921076	-0.1231946412	0.0257734634	0.1089538388	-0.0431063435	0.0307326918	0.0550553165	0.1019574103	-0.0030938604	0.0022561044	-0.056518425	0.1213089408	-0.0071507755	-0.0365229322	-0.0269144437	-0.0031408161	-0.0022546272	0.0789761748	-0.1243400569	0.0293049649	-0.064788345	0.1187607572	0.041652034	-0.2080909617	0.1095829962	0.0543440099	0.0308441989	-0.1396495438	-0.0230898464	0.0160710026	0.1975155897	-0.0487751913	-0.0228544846	0.0415041778	-0.0173805264	0.0724133839	-0.0105823815	0.0313432798	-0.2332456283	0.0122613118	0.0012939571	-0.0224862067	-0.0471900391	-0.1179459355	-0.0336588234	0.055349934	0.0937145816	0.0682517859	-0.0282367682	0.0001335071	0.153373296	-0.0597010811	-0.0765659077	0.0638181032	0.0002543782	-0.0416261564	-0.0387124843	0.0330881723	-0.1012028987	-0.0891212848	-0.0453833	0.0009248999999999	8.554400099999988e-07	0.00205964391889	0.101076	0.0067630999999999	0.010216357776	4.573952160999992e-05	0.0797225	0.0316878	0.00635567700625	0.00100411666884	8.21318e-05	-7.943019999999999e-05	6.309156672039998e-09	6.7456325712400005e-09	0.00052932	-0.0001379439999999	1.9028547135999996e-08	2.801796624e-07	-0.00048706	-1.0214999999999996e-05	2.372274436e-07	1.0434622499999991e-10	0.0
280.50747634794766	-0.0285770006398138	78684.44428709442	0.0008166449655679	309.0723041200178	0.3833892199771185	95525.68917405678	0.1469872939946633	191.0846491023412	0.0907720098711024	0.0082395577760395	36513.34312256486	191.09425511055363	316.52985909738413	1.209379	24.661999	0.07691426	0.037439	-0.0521259066	-0.0864145537	-0.0997629314	0.0660881727	0.0525680625	-0.1283599025	0.0867863611	-0.0933116556	0.0511466729	-0.0689898372	-0.1474597262	-0.1559083258	0.020905982	-0.1125736531	-0.0728421947	0.0271061542	-0.0141496329	-0.0336894863	-0.1210149207	0.0034958419	0.1152519864	0.0186920934	0.0520983563	0.1827400071	0.1172261825	-0.0020597583	0.0516076199	0.0846985806	-0.0543103126	-0.0165266008	-0.1225443302	0.0417969662	0.0897761741	0.0028571804	-0.0331799402	-0.0761616761	-0.022927738	0.0128870353	0.0629976523	0.0511771976	0.0742227027	0.1771840946	-0.0581564013	0.0845257289	-0.1401644351	0.0120352112	-0.0025339216	0.1591856438	-0.1154826255	-0.1075858311	0.1161072881	0.088092848	0.03592955	0.1301972992	-0.0708562506	0.0262773553	0.0231831291	0.0964702737	0.0735410012	-0.0764204396	-0.0324160929	-0.078346371	-0.0753158555	0.0481846208	-0.1018991844	0.0300265587	0.1272866143	-0.0081035377	0.1225311414	-0.0195713746	0.059764926	0.1718917165	0.1446008981	-0.0089737773	0.0569893645	0.1046624875	-0.0290397288	-0.0143574418	-0.0796260394	0.0572741552	0.0857013904	-0.0219095241	-0.0588760902	-0.0604813653	0.0529659554	-0.0145731552	-0.1000553382	-0.1016008598	-0.0345208718	-0.1263313012	0.0524984477	0.0190985578	0.0834376343	0.0110734134	0.1436326857	0.0205012269	-0.0397372504	-0.1573393063	-0.141311834	0.1254875828	0.0844896754	-0.0463404241	-0.0854879163	-0.0423711122	0.1607828391	0.0842281639	0.0868310904	-0.104668249	-0.0702053294	-0.0216067868	0.0618233647	0.0754286748	-0.1124019535	0.0030706208	0.001909145	0.058939874	-0.0678619938	-0.1666315483	0.0566541708	-0.0175941425	-0.0788084833	0.0634073632	-0.0703966029	0.0292291699	0.1985495019	-0.0806133901	0.0475978279	-0.0544793923	0.0052553275	-0.0729022893	0.0970644133	-0.0137722012	-0.0717351745	0.0425824893	-0.0323692129	0.0365186561	-0.0043469148	0.0305027946	-0.1039539485	-0.0835618648	-0.0589108	-0.0135274999999999	0.0001829932562499	0.00347048235664	0.0814304	-0.0196456	0.00663091004416	0.0003859495993599	0.0574746	-0.0222479	0.00330332964516	0.00049496905441	0.000237752	0.0001556202	2.421764664804e-08	5.6526013504e-08	0.000784995	0.000255675	6.536970562500001e-08	6.16217150025e-07	-0.00050563	-1.856999999999998e-05	2.556616969e-07	3.4484489999999926e-10	0.0
280.2713097933115	-0.2361665546361564	78552.00709325839	0.0557746415287126	307.9554592037508	-1.1168449162669845	94836.56485339304	1.2473425669914076	191.15376677758263	0.0691176752414435	0.0047772530307816	36539.76255325846	191.162178921932	313.75159093622773	1.121467	22.869276	0.0750245499999999	0.0402125	-0.0866383904	-0.0130019046	0.0919545174	0.0807651503	0.1338532603	0.0268986129	-0.115312905	-0.0563206351	-0.0135237527	-0.0207837266	-0.0523036452	-0.0145041348	0.2034097343	0.0161443572	-0.0301963337	0.0926677216	-0.001916501	-0.117875969	0.0831924062	-0.0085196135	0.0954877215	0.1265619412	-0.0864654289	-0.006741371	-0.0697908751	-0.0415079181	0.0757058356	-0.0293594415	-0.059104182	-0.1815571432	0.0921934698	0.0944246486	0.0502962277	-0.0874076712	-0.0417397665	0.1625710266	0.0472552174	-0.058161987	0.0467854541	-0.0222707548	0.0442287271	0.0380489906	0.0253656128	-0.0372008285	-0.0087968959	-0.1181741831	-0.0599497307	0.1073383098	0.0307579008	0.076341349	0.0594505158	-0.0354272997	0.1725235303	-0.1128853041	0.0602105046	-0.0495441736	0.014486504	0.0529160624	-0.2530376781	0.0243609218	0.0963338788	-0.135067444	-0.0071872458	-0.2217684842	-0.0625826879	0.1245688696	-0.0737367348	0.0107552099	0.1023739516	0.1175384708	-0.0723946756	0.0185894024	-0.0882468136	-0.0126763008	0.0839345143	0.0185438086	-0.0959645026	-0.1047505675	0.1486273827	0.0612525696	0.1000395285	-0.1029101598	0.0675330268	0.1513455541	-0.0920233915	0.0306464459	0.0343408447	-0.0514637653	-0.0516983528	-0.0135825217	0.0033892821	-0.061047788	0.0069709453	-0.0328738165	0.1392317337	-0.0374864079	-0.0140170575	0.0660153884	-0.0302887013	0.0073284704	-0.0203953991	0.1555514723	0.1450012165	0.0377737057	0.0047059611	0.0630994423	-0.2458867984	-0.0917876017	-0.1295242012	0.0094491876	-0.2306073608	0.074297312	-0.0643899843	-0.0179253591	0.025858035	0.0104303825	-0.0295351722	0.1043339791	0.1263141183	-0.1245892031	-0.03600829	0.0686805015	-0.0743923974	-0.0127840916	-0.0492265271	-0.0314514318	0.0790368767	-0.0268903808	-0.0380491071	-0.0601537727	0.1784298412	-0.0429996037	-0.0299794327	0.0568197579	-0.0792165367	0.0470245965	0.0063254904	0.0279020578	-0.1064956489	-0.0776238888	-0.0469948	0.0119159999999999	0.0001419910559999	0.00220851122704	0.0981148	0.0166844	0.00962651397904	0.00027836920336	0.0326725	-0.0248021	0.00106749225625	0.00061514416441	0.000641496	0.0004037439999999	1.6300921753599998e-07	4.11517118016e-07	0.000790804	5.808999999999957e-06	3.3744480999999496e-11	6.25370966416e-07	-0.000482742	2.2887999999999988e-05	2.33039838564e-07	5.238605439999995e-10	0.0
280.7269069951706	0.4555972018591205	78807.59631107518	0.2075688103418602	309.43317728563903	1.477718081888213	95748.89120508572	2.183650729539379	191.19011443408567	0.0363476565030396	0.0013211521332629	36553.65985731877	191.21115339409363	316.778575426598	1.16751	23.808186	0.0467304999999999	0.0332058	-0.0922008448	0.0957822448	-0.1072725543	-0.0005057037	0.1312323797	0.1673360219	-0.0235198437	0.1166285716	0.0598729444	-0.1560465939	0.1153334605	0.1360688509	0.0600568495	-0.1173399838	0.0542087305	-0.0418609931	-0.154685218	0.0992726237	0.0901482236	0.0630325041	0.0654640964	-0.1314078381	-0.0137917734	-0.0158580348	-0.0441258966	-0.0178226238	0.0614388664	-0.0325616861	0.1215342268	-0.0495496364	0.1581706563	0.0027996331	0.093183867	-0.0449989433	0.0618909423	0.0224053671	-0.0149870959	-0.0858786948	0.0018642964	0.1331119168	-0.0781182766	-0.1135728816	0.003990161	-0.0042716288	-0.1845084344	-0.0222611252	0.1459581481	-0.0606721022	-0.0276951533	0.1758115764	-0.0496861081	0.0010977747	-0.1026898004	-0.1049212698	-0.0405406009	0.0587389289	-0.138063345	0.0566023955	0.1192671501	-0.0064345439	-0.0588646308	0.1405807496	0.081553409	-0.0301173788	-0.0471445525	-0.0953447248	-0.0973970147	-0.0542510668	0.0429151754	-0.1465116241	-0.0270337941	-0.0293590933	-0.0630688932	-0.0262517066	0.0501432621	-0.0634544321	0.1040145612	0.0244197047	0.1729593685	-0.0497357645	0.0944941533	-0.0362022249	0.0694352025	-0.0067353728	0.0186677651	0.0968048498	-0.013256643	-0.0616429592	0.1473646819	0.0967779497	0.0098728992	0.0317053525	0.1468570668	-0.1031652888	0.0175435255	0.1643911595	0.1333471535	0.0651078475	0.1077205053	-0.0711942201	-0.0685556399	-0.0715025549	0.0417849179	-0.0852557415	-0.0169615758	0.1008770676	0.0965169407	0.0992190583	0.109784524	0.0325907984	0.0223840769	-0.0819201387	-0.1645132612	0.0040815273	-0.0207242789	0.0335487317	-0.0154713404	0.1061596922	-0.2180761067	-0.0412743303	0.0262957123	0.0147743867	-0.0193906838	-0.1367728564	0.063632823	-0.044954086	-0.0049890727	-0.0247368135	-0.0039097652	0.0265847386	0.0617038886	-0.0262405683	0.0904432082	0.1546979783	0.059754388	0.0998245797	0.0443890696	0.0252872714	-0.1088228812	-0.0713342571	-0.0499228	-0.002928	8.573184e-06	0.00249228595984	0.0974078	-0.0007069999999999	0.00948827950084	4.99848999999999e-07	0.057245	0.0245724999999999	0.0032769900249999	0.0006038077562499	0.000298876	-0.0003426199999999	1.1738846439999997e-07	8.9326863376e-08	0.0007903689999999	-4.350000000999822e-07	1.892250000869845e-13	6.246831561608419e-07	-0.000510147	-2.7404999999999982e-05	2.60249961609e-07	7.510340249999993e-10	0.0
280.3932727421067	-0.3336342530639058	78620.38739902945	0.1113118148175103	309.71973388601344	0.2865566003744106	95926.313558423	0.0821146852181397	191.3597976490567	0.1696832149710303	0.0287923934429048	36618.572156287926	191.3671445443597	319.5983876254902	1.277812	26.057501	0.0291364499999999	0.0153731	-0.0881230596	-0.0678343929	-0.1115375468	0.0591967621	0.0669898527	-0.1731138073	0.0546871745	-0.0588469344	0.0833150597	-0.097364843	-0.1036277156	-0.1469433776	-0.0433950694	-0.1821062481	0.0088587792	0.0697631815	-0.08208865	-0.047250911	-0.0926972657	0.1115937233	0.0841004218	-0.0387979331	0.0875223272	0.1238703044	0.0976859641	0.0959487785	0.0653779783	0.0270760847	-0.1689101846	0.0791827973	-0.0601604702	-0.0264709508	0.0660229357	-0.0110716959	-0.089274955	-0.042432812	-0.0808448573	-0.0336292831	0.1309235922	0.0834063009	0.0800694275	-0.1755575547	-0.0042730435	0.0125293593	0.0396273631	0.0422564951	-0.0122590552	0.060536617	0.0673512845	0.0464073945	0.0629239027	-0.0413719183	-0.115215119	0.0287265572	-0.0849399374	-0.1241220262	0.1173505702	0.0262437922	0.1223293056	0.0505950294	-0.0238926745	0.0444471308	-0.0385228443	0.1079473639	-0.0003106398	0.0390034899	0.0909099308	-0.1080456152	0.0969709167	-0.0617315859	0.0889994773	0.0875576446	0.1328218294	0.0867063737	0.042842487	0.058501868	-0.1318563744	0.1210488717	-0.0963390255	0.0112987496	0.0308783259	-0.0494486022	-0.1036910667	-0.0008322785	0.0690879956	0.0109478314	0.0024668088	-0.1441224684	0.0074767335	0.1737819229	-0.0665977325	-0.0290130004	0.0230694263	0.1164464002	0.0138839838	-0.0192620237	-0.0038272038	0.075231215	-0.0807112489	-0.0634069307	-0.0279849152	-0.0185904248	-0.1856967025	-0.0602878734	0.0450790733	-0.0480558423	-0.0319113244	0.0329634843	0.0949580581	-0.0481656385	0.1454568854	-0.0237910462	0.0001856517	-0.0060644546	0.0553577991	0.0627701416	-0.0955534742	-0.1614574259	0.0101621297	0.0491238	-0.0772912228	0.0410193665	-0.0641577885	0.026130454	0.1817988308	-0.1089909195	0.0802497865	-0.10305505	0.0455467794	-0.0512724822	0.0930735717	0.0435106255	-0.1292701726	0.0529466719	-0.03911543	0.0839560684	0.0376911292	0.0226597522	-0.1109309587	-0.0647214634	-0.0523669	-0.0024440999999999	5.973624809999989e-06	0.00274229221561	0.0905794	-0.0068283999999999	0.00820462770436	4.6627046559999975e-05	0.0563755	-0.0008694999999999	0.00317819700025	7.560302499999918e-07	0.000444345	0.000145469	2.1161229961000003e-08	1.97442479025e-07	0.000839207	4.883800000010001e-05	2.3851502440097688e-09	7.04268388849e-07	-0.000695729	-0.000185582	4.84038841441e-07	3.4440678724e-08	0.0
279.7002132169542	-0.6930595251525347	78232.20927360964	0.4803315054046568	308.2247129069264	-1.4950209790870304	95002.4736465572	2.2350877279103427	190.9967238582782	-0.3630737907785146	0.1318225775502806	36479.74852459537	191.0171464091391	312.022960665951	1.207574	24.625179	0.04839805	0.0287241	-0.0197541332	0.0738608203	0.077874511	0.0339194633	0.1418258755	-0.0216734651	-0.0970501506	0.0442209758	0.0010537554	0.058469305	0.0305553524	-0.0840801367	0.1227201061	-0.0392152464	-0.0530326005	0.2346095595	0.0271373943	-0.0178058013	0.1177610398	0.0631536648	0.0197183808	0.0616462874	-0.0909436664	-0.0739104937	0.0426063281	0.0168946479	0.0439266083	-0.0985009974	0.1166291963	0.0591682216	-0.2119948439	0.0209378279	0.1047941909	0.0138648658	-0.004753626	-0.0505903616	0.071618225	-0.0477902811	-0.0649569579	0.0316425614	0.0317316977	0.0713056876	0.2447188968	-0.0631650036	-0.0522963799	-0.0543732937	-0.1616175174	0.1009760612	0.0601843529	0.0826617319	-0.0097754057	-0.1394550386	-0.1107550903	0.0511571236	-0.0352311585	0.0878704448	0.067446456	-0.0114676209	0.0124851739	0.067424359	0.0398419908	0.0234321165	0.1118934638	0.0656202151	-0.0877194191	0.0197777821	-0.1092325255	-0.0623431221	0.0392275375	0.0947026861	-0.0872047586	-0.0594595046	0.0478408165	-0.010836009	0.0489382175	-0.1142012532	0.1045319237	-0.0891360182	-0.19952214	-0.0061208745	0.1059863849	0.0386481841	-0.0268884258	-0.069139538	-0.0576656574	0.0719047523	-0.0299183511	0.0142935929	-0.0159883942	-0.0798695735	-0.2074563519	-0.1067871443	0.0729808975	-0.1278560096	0.0774392148	-0.1413149923	-0.0255629751	0.0945769027	-0.0494110774	-0.1037613284	0.0408969021	-0.1149405289	-0.0004166784	-0.0350615352	0.0768192666	-0.1064924728	-0.0482135602	-0.023117079	0.0968566467	0.0203099858	-0.0131250095	-0.1339288724	-0.052790131	-0.0062493274	-0.0153261463	-0.0167892049	-0.0632620466	0.138721147	0.0738344629	-0.0444034221	-0.0446392712	0.0556293514	-0.0150054434	0.0772007354	-0.0017685694	-0.0866359771	-0.0527779305	-0.0200021051	0.0623893607	-0.0579395967	0.1638106006	0.0036650973	0.0488063423	0.0169172242	-0.0521251958	-0.0015172132	0.0482632444	0.020020823	-0.112815636	-0.0578154653	-0.0614265	-0.0090596	8.207635216000002e-05	0.00377321490225	0.0878142999999999	-0.0027651000000001	0.0077113512844899	7.645778010000573e-06	0.041893	-0.0144825	0.001755023449	0.00020974280625	0.0008258509999999	0.0003815059999998	1.4554682803592368e-07	6.820298742008348e-07	0.000883302	4.409499999999996e-05	1.9443690249999968e-09	7.802224232039999e-07	-0.000711945	-1.6215999999999995e-05	5.06865683025e-07	2.6295865599999983e-10	0.0
280.0598353388963	0.3596221219420954	78433.5113700497	0.1293280705901353	307.8660728816434	-0.3586400252830231	94781.51883156536	0.1286226677350074	190.8717485789504	-0.1249752793277991	0.0156188204430614	36432.02440558605	190.89152498751525	313.0752342116147	1.08233	22.071165	0.0714390499999999	0.043953	0.0075228419	0.0878795627	-0.1015507423	-0.0301150685	0.122747287	0.0979733822	0.0566407062	0.1236299694	0.0387693108	-0.0350826553	0.0707521702	0.1085472726	0.0850600987	-0.0712265461	-0.0242627719	-0.0162179862	-0.1698949255	0.130161716	0.0103093873	-0.0090906481	-0.0312589339	0.0709293731	-0.0341713929	-0.1217274976	-0.1442395729	-0.0656795859	0.0172566897	-0.1309284838	-0.1880120267	0.1280788529	0.1174831296	0.1180643259	0.0169066302	0.0402376753	-0.0917429014	-0.0709617347	-0.1097176029	0.1327804699	0.0988850382	0.032843689	0.0682415988	0.1291738154	-0.0443983253	-0.0186294636	-0.0326888127	-0.1263154381	0.0211729604	0.068592676	0.1147885164	0.0161754757	0.0974644635	0.0419389166	-0.0021725392	-0.0007217908	0.0270958928	0.0337916374	0.0566272112	0.0434824052	0.0244129501	-0.0216103929	0.0073204516	0.0532072652	0.0844308087	0.0246613688	0.127029747	-0.1290918817	-0.024037985	0.0148518303	-0.045285323	0.0537533635	-0.0157823468	-0.0881449633	-0.1906708089	-0.0691526356	0.0156440457	-0.107504462	-0.1602544504	0.1826304429	0.0254989106	0.1327639236	0.0395777773	0.0124754871	-0.1099166116	0.0181437155	0.1105641252	-0.1702857898	-0.029775456	-0.0564020465	-0.0559381959	-0.0815349803	0.027242716	-0.0665396419	-0.0408742738	-0.0510235253	0.1593155751	0.0515647329	-0.0467829827	0.1167466338	-0.1001764242	0.0700054332	-0.0441482971	-0.0262324004	0.0156178044	0.0325465054	0.0518922747	-0.008270025	0.0211741736	0.0733270346	0.02704684	0.0578548951	0.0115652726	-0.0672716305	0.0886160404	0.0323465284	-0.1175903584	0.0751984642	-0.0396279009	0.092839789	-0.1075341188	0.0010254217	0.0575124632	-0.0280308052	-0.1102524019	-0.0738716892	0.0434345429	0.0241903125	0.0992095444	-0.0033451857	0.0539788126	-0.056937617	0.0709779835	-0.2287271468	-0.0537553949	0.0326007022	-0.1225498466	0.0795462912	-0.0117428849	0.0173718128	-0.1144731177	-0.0506475487	-0.0596068	0.0018197	3.3113080900000016e-06	0.00355297060624	0.11003	0.0222157000000001	0.0121066009	0.00049353732649	0.0629631	0.0210700999999999	0.00396435196161	0.0004439491140099	0.000331684	-0.0004941669999999	2.442010238889012e-07	1.1001427585600001e-07	0.000869066	-1.4235999999999936e-05	2.0266369599999815e-10	7.552757123560001e-07	-0.0007302129999999	-1.8267999999900032e-05	5.33211025368854e-07	3.3371982399634755e-10	0.0
280.3738823478008	0.3140470089045379	78609.51390277846	0.0986255238018869	308.68186716174773	0.8157942801043419	95284.49511446289	0.6655203074509614	190.8569885262341	-0.0147600527162978	0.0002178591561878	36426.39006930305	190.85811593498985	315.48735487355094	1.167053	23.798862	0.0596011999999999	0.0350055	-0.0110681548	-0.0731609716	-0.1162709827	0.0184380666	0.0448178108	0.0493594038	0.1283395896	-0.0577293516	0.0142896754	-0.0899987819	-0.0680756029	0.0107185794	-0.011799914	-0.172038709	-0.031467091	0.0365159712	0.0130533231	0.0297792014	-0.0913668341	-0.0121657789	-0.0599157095	-0.0592456338	0.2261876191	-0.1039689001	-0.0579857709	0.0681439251	0.0082030412	-0.0584660054	-0.2306714177	-0.0817073779	-0.0493144769	-0.0094965527	-0.0920304395	-0.0912294805	-0.0067499789	-0.1113586178	0.083700163	-0.0706016828	-0.0685944232	0.0080441841	0.0674090905	0.0509797096	-0.0380284032	-0.0051191378	-0.1823505229	-0.0373073372	-0.1584961539	-0.0068681113	-0.1496057071	0.0424602806	-0.0526484881	-0.0837791634	0.0259553126	-0.0385453503	0.0380311335	-0.0830644513	-0.09151709	-0.1626349119	-0.0910670199	0.1055485738	-0.0677661593	-0.0128587748	0.0757359832	0.0051735507	0.1268759712	-0.0346612314	0.0803430663	0.020803618	-0.0531522523	-0.068319396	0.2193341081	-0.1279420693	-0.021554489	0.0817267601	0.008754661	-0.0008042298	-0.2407861492	-0.034870488	-0.019260906	0.0401968591	-0.0789336153	-0.0904004574	-0.0032791488	-0.1448569122	-0.0671387577	0.048109363	-0.0698425548	0.0093159752	-0.0391602734	-0.0212961542	0.101326137	0.0134454696	0.1433125853	-0.1558222598	0.0666483615	-0.1579746883	0.0158456456	-0.0950807381	0.0226243063	-0.0806024869	0.0445047686	0.0237827011	0.0530321713	-0.0069458107	-0.1925546028	-0.0135324055	-0.0399194772	0.0311013967	-0.0488188463	-0.109974168	-0.0770829306	-0.1518375464	0.1740506382	0.0308469078	-0.0303854599	0.1351407727	-0.0662831805	-0.1370202401	-0.1096098014	-0.0926369651	0.2535313855	-0.0171885255	-0.231002656	0.0487931728	0.0035384703	-0.2172605301	0.0601184911	-0.1262953167	-0.1845759959	-0.1889438794	-0.1702643799	-0.1131468493	-0.0181842017	-0.1132853691	0.229934139	-0.250071142	0.0795154863	0.0147140554	-0.1159000657	-0.043250186	-0.0529025	0.0067043	4.494763849000004e-05	0.00279867450625	0.0802535	-0.0297764999999999	0.00644062426225	0.0008866399522499	0.0628781	-8.499999999998786e-05	0.00395365545961	7.224999999997936e-09	0.000207338	-0.000124346	1.5461927716e-08	4.2989046244e-08	0.00119218	0.0003231139999999	1.0440265699599993e-07	1.4212931524e-06	-0.0007434609999999	-1.3247999999999992e-05	5.527342585208512e-07	1.755095039999998e-10	0.0
280.55677303588936	0.1828906880885483	78712.10289631154	0.0334490037895026	309.2058049513213	0.5239377895735515	95608.22981559456	0.2745108073432191	191.1698226949798	0.3128341687457237	0.0978652171348279	36545.90110923002	191.13619789917053	316.60098139435564	1.136333	23.172415	0.0983847999999999	0.0471966	-0.0138751449	-0.0848236135	-0.0982857581	0.1711802203	-0.0950012866	0.0594524126	0.0565012993	-0.0995224688	-0.0913292611	-0.1790859041	-0.0068463562	-0.0705427926	0.1221180342	-0.0368133542	0.0481547611	0.0612259053	0.0248493758	-0.0163094691	-0.0933040379	-0.0097713118	0.1811165558	-0.0269913445	0.0235628717	0.0509550346	0.0122220692	-0.0773113456	-0.0048547386	-0.01546562	-0.0081184261	-0.08271004	-0.0426689615	-0.1638232853	-0.106625679	-0.0013503453	0.0322659876	-0.0841072463	0.1051538071	0.1290617489	0.1271666933	-0.0964370121	-0.1244499517	0.1073081407	0.1074520964	0.0121550286	-0.1187106357	0.0550729582	0.0601440253	0.0787625301	-0.0444727894	0.027593806	-0.1082449085	-0.1323354818	-0.0658385894	0.0087818331	-0.0402411362	0.0501212506	0.0225539294	0.0197944278	-0.0903449047	-0.0442780372	0.1853982523	0.0607271191	0.0009777022	0.1551396336	0.0912898561	0.0142594925	0.0940645307	0.022790712	0.17096832	-0.0696546945	0.0206393374	0.0617803841	0.000207912	-0.0618795505	0.0085160871	0.0161695921	-0.0513704615	-0.1152363393	-0.0157755496	-0.1322135871	-0.1143095974	-0.0143366512	-0.011203895	-0.1240900095	-0.0786276658	-0.1723864294	0.1291074198	-0.006849424	-0.0382694762	-0.1792490088	-0.0870941264	0.0408017818	0.1280407707	-0.0147864839	0.0129392591	0.0732590409	0.0246706927	-0.0397181192	0.0782017192	-0.1141453388	0.0458513733	-0.1167650988	0.0432331814	-0.0169557415	0.0549844897	-0.0412461183	-0.1296564642	-0.0532061955	0.0676992876	0.1692014242	0.1146130839	-0.0134937231	0.090591321	0.1216016878	0.0450658061	0.0992062195	-0.0270823806	-0.067935539	-0.0253582616	0.026516509	0.0083262478	0.1702709726	-0.1037155166	-0.1420589961	-0.0833971809	-0.1858284727	-0.0689420881	0.0220270975	0.1000209634	-0.0426774707	0.0874444638	0.1723231322	0.183875644	-0.2272327141	-0.0063264076	-0.0558883036	-0.0267224046	0.012048889	-0.1170936064	-0.0356568892	-0.0551499	-0.0022474	5.050806760000016e-06	0.00304151147001	0.110232	0.0299784999999999	0.0121510938239999	0.0008987104622499	0.0971613	0.0342832	0.00944031821769	0.00117533780224	0.000521334	0.000313996	9.859348801600005e-08	2.71789139556e-07	0.00111091	-8.127000000000004e-05	6.604812900000007e-09	1.2341210280999997e-06	-0.000501213	0.0002422479999998	2.51214471369e-07	5.8684093503951534e-08	0.0
280.2604097518557	-0.2963632840336458	78545.89727427806	0.0878311961232074	309.0825094935212	-0.1232954578001113	95531.9976748126	0.015201769914139	191.2764224953385	0.1065998003586798	0.0113635174365104	36586.66980261524	191.2856852654388	316.4256308068873	1.127136	22.984867	0.14160565	0.079998	-0.0067862094	-0.0908510028	-0.0156421031	0.106182951	-0.1932169017	-0.0243768436	-0.0088224185	-0.0755756805	-0.0427911348	-0.086956142	-0.0150887296	-0.1425353198	-0.0006339609	0.2074010027	-0.2015153243	-0.0073932439	-0.0819261998	-0.0903962978	-0.081426168	-0.0013396006	0.0675952875	0.1032685854	0.0624075519	0.0498858206	-0.1075425597	-0.0119912633	0.1333409183	-0.0196264155	-0.0640346654	0.0855755805	0.1497257642	-0.0848262223	-0.0077734714	-0.0077570151	0.1255501305	0.0958698133	0.0426372251	0.0915121691	-0.099217316	-0.2471289639	0.0273280873	0.0259848768	0.0249507533	-0.0412094781	0.1523305901	-0.0204500187	-0.0549414303	-0.0306725724	-0.0427760581	-0.0368174372	-0.1009083563	-0.0359553305	-0.0560828745	0.0322438257	-0.0205411677	0.1362701537	0.0429916841	0.0076153952	-0.0392751202	-0.0163678951	-0.1703298106	0.0631518377	-0.0611850048	-0.0602414777	0.0278825172	0.0851265968	0.0884490521	0.0049013466	0.0677523714	0.0793048475	0.0799647192	0.0462211584	-0.1143562854	-0.0044945198	0.1534632826	-0.0112627353	-0.051988345	0.1374269153	0.0385991929	-0.1363421472	-0.0023403839	0.0301866132	0.1326702174	0.0672730863	-0.066604415	-0.0944198978	0.0728500224	0.2343686805	-0.1451189311	-0.0142127091	0.0130920808	-0.0283773499	-0.1059739846	0.0163890807	-0.0307926288	-0.0938510852	0.0002284179	-0.0584118812	0.1221128307	-0.0255125027	-0.0047147423	-0.0848576432	0.0597373474	-0.0102323264	0.0841939075	-0.0887597711	0.0492277275	0.1568155015	-0.1007489454	-0.0779610649	0.0180240868	0.0701329287	-0.0320442918	0.0730146741	0.0061470194	0.0745553081	-0.0209730584	-0.062165232	0.1352448876	-0.1562822004	-0.1468155252	0.0127912369	-0.0746644491	-0.0640172742	0.0106811667	-0.0918342117	-0.150694132	0.0325005007	0.1866839945	0.154553146	0.001785491	-0.1545674908	-0.0961112603	-0.1724956224	-0.0493313372	0.0138140869	-0.2263289524	0.0093776556	-0.1180513362	-0.0279020578	-0.0539653	0.0011846	1.4032771600000022e-06	0.00291225360409	0.0798214	-0.0304105999999999	0.00637145589796	0.0009248045923599	0.0527609	-0.0444004	0.00278371256881	0.00197139552016	0.00140165	0.0008803159999999	7.749562598559999e-07	1.9646227225e-06	0.00105854	-5.2369999999999934e-05	2.742616899999993e-09	1.1205069316e-06	-0.000121698	0.000379515	1.4810403204e-08	1.44031635225e-07	0.0
279.9685056273905	-0.2919041244651907	78382.3641432342	0.0852080178797895	309.5983250624114	0.5158155688902184	95851.12288145054	0.2660657011095396	191.17878978090303	-0.0976327144354627	0.0095321469280366	36549.32966209071	191.21912471651385	313.63024579157263	1.14953	23.441538	0.0709403	0.0444959	-0.0456214421	-0.0115160457	0.1494474198	0.0006624711	-0.1422388077	0.120197586	-0.122649761	-0.0598189084	-0.0364923074	-0.0691631975	0.156888947	-0.0058729412	-0.0149188101	0.1675146903	-0.1125194419	0.0021380895	0.0210711088	-0.083520314	0.0792092081	0.0273027885	0.121187393	0.0426573209	0.0657125525	-0.0618400452	-0.0718167507	0.0064106662	0.0810471132	0.0194831433	0.0945248069	-0.1727246324	0.0315015248	-0.0675828419	0.0688560085	-0.0501847919	-0.0002497063	-0.0417109813	0.0490335407	-0.0284735418	-0.0767843258	0.0174388448	0.0574273207	-0.1064923759	0.0431139288	-0.037141724	-0.0604200209	0.0201256468	-0.1057724655	-0.0017112683	-0.0125989122	0.018460298	-0.0024420385	0.1083864414	-0.1075945132	0.0856306344	-0.0026036652	0.1352871713	0.0667677976	0.217417337	0.0177405039	0.0474243413	-0.0895305038	-0.0034624777	-0.0616522893	0.0430258987	0.0981521944	0.0917242578	-0.0735789382	-0.0203034714	0.1315680728	0.0358477061	0.056429949	-0.0746021823	-0.056895783	0.0284741769	0.1075119519	0.0275890407	0.0566188795	-0.1432109487	0.1104195439	-0.0814816786	0.0643110765	-0.0634304586	-0.0131466683	-0.053099767	-0.0424529711	0.0616459579	-0.041154585	0.05591646	0.0313046551	0.1217906617	-0.0371468005	-0.0495024617	0.0617592628	-0.03984874	-0.0297535278	-0.0903865226	0.0226958331	0.0097671734	0.0154676898	0.0861642827	0.0316980964	-0.1598018847	-0.0669467808	0.0125623961	0.2532248985	0.0713327258	0.0309775902	0.0564197378	-0.0102328226	-0.0752095321	0.0717500671	-0.0055847689	0.064789418	0.0490015992	0.0980172516	0.0644842054	-0.0289975083	0.0924113198	0.0071934007	-0.2025669614	0.0035793144	-0.0559254896	0.0295281827	0.0190189546	-0.146053154	-0.1301200787	-0.0758267846	-0.0067544109	-0.0250395569	0.1177971969	0.0947362946	-0.1390271162	-0.1498373956	-0.0160170127	-0.1032617684	-0.0945538463	-0.1023907786	0.0067017003	-0.1187713263	-0.020020823	-0.0536008	0.0003645	1.328602500000027e-07	0.0028730457606399	0.0618194	-0.018002	0.0038216382163599	0.000324072004	0.0726392	0.0198783	0.00527645337664	0.00039514681089	0.0007557799999999	-0.0006458700000001	4.1714805690012914e-07	5.712034083998488e-07	0.00106658	8.039999999999957e-06	6.464159999999929e-11	1.1375928964e-06	-0.000121698	0.0	1.4810403204e-08	0.0	0.0
279.747934521361	-0.2205711060295243	78258.90686896768	0.0486516128150876	308.2227048827904	-1.3756201796209666	95001.23580526371	1.8923308785804205	190.7635269038515	-0.4152628770515321	0.1724432570571158	36390.72319679648	190.7737251438789	312.82693557253094	1.241998	25.327171	0.05659085	0.0264994	0.0060899306	0.1429708429	0.0192067685	-0.0091137182	-0.1548668415	-0.0286959003	-0.0600149025	0.1384929122	-0.0553034964	-0.0568652849	0.0370269759	-0.1030197056	-0.11484985	-0.02529101	-0.1066931718	-0.1788896958	-0.0398365971	0.052133761	0.0749595465	-0.0567764697	0.0693271522	0.0246711374	0.174462745	-0.0365852931	0.022149811	0.0345628197	0.1229469856	0.101617604	0.0126351397	0.1319214583	0.0703969687	-0.1141474279	-0.0654846626	0.0918775647	-0.0287297522	-0.1033001683	0.0329550956	0.0363666326	0.0557678769	0.1007552689	-0.1090814467	0.0602763788	0.1142559211	-0.0535612989	-0.0374994842	-0.0019887834	-0.0318471938	-0.1100433937	0.1138788712	-0.1922747455	0.0723330201	0.0369468239	-0.1268218029	-0.0707684545	-0.092686924	-0.0309389438	-0.0602835914	-0.0281171137	-0.0487160759	0.0686085214	-0.1015940645	-0.0364244227	-0.0245674314	0.1045304636	0.0105184114	-0.0453234309	-0.0791438251	0.0701004	0.0735233925	0.0005820645	0.1671751018	-0.0547360336	0.017230378	-0.001336633	0.1052211193	0.0428900466	0.0626801107	0.1552913265	0.0176668094	-0.0865434923	-0.131210445	0.0943305538	-0.0751489591	-0.0760562607	-0.0162335666	-0.0746115015	0.031186366	-0.0682688722	0.110638004	-0.0891563484	-0.0827754161	0.0078071224	0.0081690762	-0.1363822327	-0.1455443855	0.0003041684	-0.1834879164	0.0058288817	-0.0131563206	0.0422135557	-0.1572922225	-0.057078027	-0.0738335009	-0.0920372002	-0.0326894486	0.0110474647	-0.0288872032	-0.0126240572	-0.0458949035	-0.1297179061	0.0638685289	-0.084153234	0.0136621506	0.0739067693	0.0128763725	-0.0109160699	-0.2209841281	-0.0355050681	-0.0401780685	-0.0320759088	-0.0660842026	-0.0234659053	0.0508961764	-0.1465351935	0.0172289798	-0.1012391695	-0.1333942259	-0.0819501905	0.1029493716	0.0723893476	-0.1477812076	-0.069357509	0.077777132	-0.18987776	-0.0511741447	0.0483797701	-0.0831732638	0.0040223704	-0.1192521267	-0.012048889	-0.0627444	-0.0091436	8.360542096000016e-05	0.00393685973136	0.0673593	0.0055399	0.0045372752964899	3.069049201e-05	0.0773832	0.0047439999999999	0.00598815964224	2.250553599999998e-05	0.00113704	0.0003812600000001	1.4535918760007624e-07	1.2928599616e-06	0.000915254	-0.0001513259999999	2.2899558275999973e-08	8.37689884516e-07	-0.000332379	-0.000210681	1.10475799641e-07	4.4386483761e-08	0.0
279.86660924304056	0.1186747216795538	78325.31896919676	0.0140836895657195	307.8200199259056	-0.4026849568847979	94753.16466718492	0.1621551745013115	190.85902862591	0.0955017220585148	0.0091205789161418	36427.16880802594	190.8603991883548	312.7930612417107	1.138776	23.22224	0.12978465	0.0803746	0.0479172553	0.0322436709	-0.0813093935	-0.1379840464	-0.0980808162	0.0360334349	0.098355377	0.0866637039	0.0725965804	0.0684840689	-0.0072170245	-0.0257911916	0.0039226932	0.0716613798	-0.189854379	-0.0989756364	-0.0213227522	0.091286693	-0.0311929319	-0.0305165164	-0.0534525358	-0.0099582039	0.0612616511	-0.0194605513	-0.0150151732	0.0755055041	0.1242936051	0.0294370798	0.0949634145	-0.0394403588	-0.0942887868	0.0884778085	0.1134432876	-0.0290390282	0.0227524266	0.1342741421	0.0359220504	0.0534609349	0.0551816787	0.0292929145	0.0074254845	0.0018484183	0.1575758261	0.0651994573	0.093991212	-0.0459902071	-0.0425414046	0.0103625939	-0.142957065	-0.0323450038	-0.050468113	-0.0009819065	0.1027894701	-0.0613025344	-0.0970157507	-0.0865399168	0.0183569678	0.1273068699	-0.0131781931	-0.0440769322	-0.1247280498	0.0784361759	0.0924846753	-0.0105006443	-0.053072156	-0.0960110113	0.0285962592	0.0277026689	-0.0556132151	0.0008667513	0.0443819263	-0.0386887176	0.0499394213	0.0671263546	0.1309197717	0.0105606181	0.0946739861	-0.0835645124	-0.0544131936	0.0468536624	0.1009341438	-0.0310497677	0.0725533962	0.1178511236	-0.0182416515	-0.0762897524	-0.0257160389	-0.0512885101	0.0129524747	0.0175567725	-0.1436906797	0.0444479403	-0.0626398131	-0.0421803843	0.0406329125	-0.0718758206	0.0219110455	-0.1462862342	0.0530648391	-0.0401229647	-0.0094682125	0.1566473254	-0.0153873429	-0.1272812738	0.0547990653	0.0977593644	-0.0253246494	0.165436513	-0.0887027293	0.0186030742	-0.0135855308	-0.0931815293	-0.0726733319	-0.0292731194	-0.1602824204	0.0675911468	-0.1064371915	-0.0339651857	-0.0027813818	-0.0901364779	0.0446303381	-0.0112399798	0.1507571176	0.0520397472	-0.0533664951	-0.1265666892	-0.0284600015	0.0238374374	0.0617107501	0.1386219416	0.0609916769	-0.0578841237	-0.0705096334	-0.0174817111	-0.0830158028	-0.1094282642	-0.0948216368	0.0013410152	-0.1194927693	-0.0040223704	-0.0693213	-0.0065768999999999	4.3255613609999954e-05	0.00480544263369	0.0229516	-0.0444076999999999	0.0005267759425599	0.0019720438192899	0.0115827	-0.0658005	0.00013415893929	0.00432970580025	0.00115351	1.6469999999999983e-05	2.712608999999994e-10	1.3305853201e-06	0.000693104	-0.0002221499999999	4.9350622499999984e-08	4.80393154816e-07	-0.00035375	-2.137100000000001e-05	1.251390625e-07	4.5671964100000036e-10	0.0
280.0230626428902	0.1564533998496244	78412.915611904	0.0244776663245064	308.49214861553963	0.6721286896340075	95167.4057574322	0.451756975429128	191.0936612729673	0.2346326470572819	0.055052479065107	36516.78737870756	191.0998222685841	313.4584913386632	1.029904	21.002089	0.0677355	0.0496538	0.018242034	-0.0994768273	-0.0555087253	-0.148824822	-0.1006664155	0.095416804	0.1229293428	-0.0493418409	0.061845229	-0.0089175427	0.0751729839	0.1050683389	-0.0579480645	0.1109840026	-0.0687382529	-0.0836629151	0.1200402637	0.0336460405	-0.1180744119	0.008111607	-0.0746978055	-0.0643003612	0.0274200817	0.007027583	-0.0881792249	0.0275613962	-0.1423577905	0.0949594195	-0.0439424427	-0.0350701752	-0.0419111491	-0.1860116738	0.0517033989	0.0886885569	-0.0829865601	0.005830346	0.0385323029	-0.1171268306	0.2575175292	0.1178670428	0.0553142316	0.2017485948	0.0270542099	0.0717254461	0.1535627074	0.0332806955	-0.0844310174	-0.1317861807	-0.008656684	-0.0740975172	0.0692824341	1.1125e-05	0.0115618924	0.008899066	0.0071216653	0.0320416465	0.1387892091	-0.0287032517	0.0749066443	0.0891817671	0.0511413656	0.0855466047	0.1253275612	-0.0382784924	-0.0221711893	-0.0427063921	0.1168683149	-0.0026201286	-0.0879698141	-0.0572327616	0.0230962134	-0.0146681455	-0.0867623713	0.0605343713	-0.1212004169	0.1259824995	-0.0196339614	-0.044093731	-0.055512915	-0.1677642026	-0.003583131	-0.0094768431	-0.108594228	0.043860519	-0.0137406539	-0.022534664	-0.0169987681	-0.3403882202	-0.0781743728	-0.1147903809	-0.0073703267	0.0443779919	-0.1806791945	-0.0475672346	-0.1351046116	-0.0928359022	-0.0118750068	-0.0331355868	-0.1003750526	0.042727893	-0.0144301073	0.0613422079	-0.0281512969	0.027290853	0.0647543331	-0.1409175076	-0.0049053777	0.0497025498	0.124383798	0.0089223914	-0.0716930327	-0.0952209991	-0.0919417506	-0.0497733152	-0.0809761097	0.1277491194	0.0361419455	-0.035189831	-0.05629833	-0.08417891	0.0436543865	-0.017989628	0.1320361029	-0.0050783258	-0.0958375941	-0.1157597498	-0.0490982047	-0.0564974456	-0.0591775851	0.0504292445	0.0321508776	0.0091437511	-0.1374748439	-0.0504131725	-0.1279297259	0.1043753714	0.1296977272	-0.0013410152	-0.1194927693	0.0040223704	-0.0734137	-0.0040923999999999	1.6747737759999966e-05	0.00538957134769	0.0676563	0.0447047	0.00457737492969	0.00199851020209	0.0114822	-0.0001004999999999	0.0001318409168399	1.0100249999999978e-08	0.000826186	-0.0003273239999999	1.0714100097599997e-07	6.825833065960001e-07	0.000657774	-3.5330000000000084e-05	1.2482089000000056e-09	4.32666635076e-07	-0.000367854	-1.4103999999999972e-05	1.35316565316e-07	1.989228159999992e-10	0.0
280.21477410752465	0.1917114646344657	78520.31962813107	0.036753285672292	309.3376880152049	0.845539399665256	95689.80522659225	0.7149368763862816	191.265310769321	0.1716494963536945	0.0294635495984769	36582.41910368494	191.2577364705624	316.19369317740467	1.106274	22.559437	0.0284816199999999	0.016122	-0.0740517867	-0.111314536	0.0708206354	-0.0297880991	-0.1621827795	-0.0270933946	-0.0379600216	-0.143187958	0.0465965786	-0.1029145217	0.0232619927	-0.0371459871	-0.0879185563	0.0571147926	-0.0199669828	-0.1564416262	0.0545572128	-0.1602438641	-3.05829e-05	0.0378029076	0.103064104	-0.0550544351	-0.0063482732	-0.0691194789	-0.0348136325	0.0581325993	0.0350632489	-0.0078122035	0.1146272824	0.0913753792	-0.0246835528	-0.041644642	0.0090192897	0.0042219673	0.0179040762	0.1614439888	0.0357550045	0.016602397	0.0097955484	0.083613385	0.0498531786	0.1388953693	-0.0353683113	0.1505200605	-0.0350518572	0.0545322092	0.1060544643	-0.1130167169	0.0424714479	0.1692793524	0.0630548092	0.0052356321	-0.005958791	-0.0309156264	0.0456446105	-0.208795931	0.0863050565	0.0123602727	-0.1555022089	-0.019327036	0.0271164901	0.1590792301	-0.1216687247	-0.0230128694	0.0896097167	0.1524325892	0.0148995903	-0.0346654283	0.0817937516	-0.0692338399	-0.0127112342	-0.0762637141	-0.0221335492	0.0303123283	0.0308508058	-0.0544380861	0.1388020938	0.0449102077	-0.0678219854	-0.0534795285	0.0001164334	-0.0342931949	0.0671007999	0.1303231622	-0.0274562104	-0.0194520507	-0.1530605627	-0.1084490221	-0.0062629077	-0.1157715749	0.0399341955	0.1076310232	0.0193917427	-0.0262228442	-0.0256010062	0.0815873014	0.1815990395	0.0946992534	-0.0233008847	-0.0256021512	-0.0558290385	0.0619771448	-0.0683596217	0.0642241363	-0.0949694159	-0.0013051306	-0.2158826033	0.103221752	-0.0597133206	0.0531607861	0.1390927642	0.1354604008	0.1188555737	-0.0518280146	0.1266561978	0.0647519434	-0.0482205428	-0.0648469048	0.0194688426	0.0213137163	-0.0164529588	-0.0022654253	0.0832523166	-0.0824334347	-0.0721571333	-0.0452171266	0.0119220887	-0.0399166523	0.0871142338	0.196812754	0.0317493856	0.0492471669	0.0217737663	0.0139155291	-0.0447816032	-0.1372298873	0.1321177964	-0.0040223704	-0.1192521267	0.012048889	-0.0717485	0.0016651999999999	2.7728910399999723e-06	0.00514784725225	0.0821497	0.0144934	0.00674857321009	0.00021005864356	0.00784898	-0.0036332199999999	6.16064870404e-05	1.3200287568399996e-05	0.000947001	0.000120815	1.4596264225000009e-08	8.968108940010001e-07	0.000610771	-4.7003e-05	2.2092820089999995e-09	3.7304121444100005e-07	-0.000361876	5.977999999999962e-06	1.30954239376e-07	3.5736483999999545e-11	0.0
279.86504949077687	-0.3497246167477783	78324.44592647499	0.1223073075593804	308.4117113692968	-0.9259766459080652	95117.78370973845	0.8574327487671503	191.26749682914087	0.0021860598199339	4.778857536329508e-06	36583.25534328543	191.3017116600359	313.92942517653114	1.121282	22.865486	0.04663901	0.0263839	-0.044417617	0.090780963	0.0599462886	-0.1255855465	-0.0836992827	-0.0644111919	-0.1072711621	0.0692706717	0.068501593	0.0252404474	-0.0142374447	-0.0675415624	-0.0818104552	0.021895045	-0.123091626	0.0881221672	-0.0445324867	0.0372941302	0.0809977575	0.1230842009	0.021069563	-0.1266981677	0.0581960639	0.0193304467	0.0947754543	0.077883441	0.1785991584	0.1393761905	-0.0384446428	0.0322718009	-0.0305239836	-0.0534589235	0.0567508719	0.0997714007	-0.1260430505	0.1482578834	0.0605754109	0.0068255269	-0.0354897088	-0.0162693117	-0.090425206	-0.0266462164	-0.0245296426	-0.2658183071	0.0900642015	-0.0049396497	0.0730257623	-0.0345457404	-0.0149601659	0.0324694376	0.0731050508	0.0781225358	0.0783041603	0.1125405377	-0.0032572032	-0.0175460381	-0.0851750265	-0.0532351792	-0.0672366728	-0.2247651832	0.042400157	-0.0413483593	-0.0969209163	-0.0068132799	0.0799510644	-0.0291283132	-0.0907945675	-0.1223779684	0.0214374977	-0.105132026	0.0315528528	-0.027900141	0.1436679805	0.0747051878	0.1697584408	0.1272387166	0.0103884351	0.0662677832	-0.0430795919	-0.0440813268	0.0106778128	0.0754424647	-0.1117649434	0.1809309855	-0.1164436677	0.0022558372	0.0957191934	0.0460679521	0.0949387757	0.0180917973	0.0645500103	-0.2069792887	-0.0717791657	0.0024070549	-0.0857834878	0.0680648452	0.0428084523	0.005118417	-0.0729724832	0.052864896	0.0797671949	-0.0148605738	0.036248492	-0.0292475999	-0.1354877772	0.0670334519	0.0587153241	-0.0298403576	-0.1517568768	0.159278565	0.01656291	0.1108581764	0.087693683	-0.0725044299	-0.0400600686	-0.0362780036	-0.1094364579	0.0690446887	0.0423424851	-0.060695701	-0.0424901974	-0.0604536127	0.0957451596	0.0351610318	0.1042240211	-0.1036085478	-0.0887434113	-0.1097676898	-0.0071715457	0.092417601	-0.0727185416	0.0529031339	-0.0668250312	-0.0221461928	-0.0351263192	0.0197908624	0.1051954028	-0.0067017003	-0.1187713263	0.020020823	-0.0728178	-0.0010692999999999	1.14340248999999e-06	0.00530243199684	0.0701872	-0.0119625	0.00492624304384	0.00014310140625	-0.00721673	-0.01506571	5.2081191892900006e-05	0.000226975617804	0.00121505	0.000268049	7.1850266401e-08	1.4763465025000002e-06	0.000599011	-1.1759999999999982e-05	1.3829759999999955e-10	3.58814178121e-07	-0.000270855	9.1021e-05	7.336243102500001e-08	8.284822440999999e-09	0.0
279.70659725289136	-0.1584522378855126	78235.78054679117	0.025107111690927	308.0075885697576	-0.4041227995392091	94868.67461655708	0.1633152371074078	191.26068200427173	-0.0068148248691954	4.6441837997805335e-05	36580.64848073915	191.2738864067962	311.62409240279453	1.086882	22.164005	0.04042056	0.0238476	0.0691943131	-0.0371169504	-0.0548676455	-0.1501165197	0.0255163467	0.0044797582	0.0877871213	0.0161483017	0.0954514595	0.079382404	0.0061367698	0.0794563151	0.0073969914	0.0004426118	-0.1212107068	0.0496925037	0.0596956978	0.0768090193	-0.1266545497	0.1538778858	-0.0198933829	0.0036654819	0.0235881221	-0.0764974387	-0.036947817	0.0672732485	0.0054454979	-0.1796360327	-0.0173887994	-0.0902798659	-0.0150974463	-0.0552131734	-0.0194195183	-0.0570355597	-0.1747633518	-0.0036243458	-0.0240644663	0.0525380968	0.0947059713	0.1572567526	-0.1251430521	0.1664299262	0.0364089268	-0.0422715593	0.0123483989	0.0605008304	-0.0047567873	0.0268964788	-0.0454332435	0.0238557527	-0.1369603684	0.0728792302	0.0779839959	0.0548038589	0.15516191	0.057189646	0.0365122118	0.0195263978	0.0956313208	0.1821267666	0.0919145178	-0.0220464861	-0.0116517721	-0.0145107769	0.1068951128	-0.0875808558	0.108650345	-0.1524566145	-0.0122702664	0.0034514974	0.0219285539	-0.0775497821	-0.0295417471	0.0772490328	-0.006313325	-0.171020318	-0.085040656	-0.083275166	0.0361922974	-0.0113853623	-0.0264516321	-0.1355673358	-0.1484214411	0.0282921764	-0.0020913146	-0.0523639461	0.0238981858	-0.1435006266	0.1286910452	-0.2168174956	-0.0596962424	-0.038173174	-0.0223198319	0.0283761417	-0.0265432203	-0.0153826615	0.0353378455	-0.0195563593	0.097069453	0.0616337156	0.1386073469	0.010724728	0.0600115572	0.1310899336	0.051931171	-0.0012761587	0.0246552228	0.0111076928	0.1972752299	-0.0812605146	-0.028032394	-0.0050919393	0.1441260238	-0.0584017224	-0.1196578372	0.0804279385	0.0494736888	-0.0020121127	-0.0484980497	0.0209672002	-0.0193266579	0.035904215	0.1048383137	0.1216326384	-0.0737533536	-0.0310149115	0.0273638529	-0.063200545	0.0676745374	0.0539881354	-0.0593641449	-0.0458634428	0.0753540401	0.0534677706	-0.1075448007	0.1576628181	0.1766009545	-0.0093776556	-0.1180513362	0.0279020578	-0.0817181	-0.0089003	7.921534008999999e-05	0.00667784786761	0.0898739	0.0196867	0.00807731790121	0.00038756615689	-0.00718962	2.7110000000000328e-05	5.16906357444e-05	7.349521000000178e-10	0.00120447	-1.0580000000000051e-05	1.1193640000000108e-10	1.4507479809e-06	0.000441341	-0.00015767	2.48598289e-08	1.94781878281e-07	-0.000338734	-6.787899999999996e-05	1.14740722756e-07	4.607558640999995e-09	0.0
279.9869524143049	0.2803551614135244	78392.69352225022	0.0785990165312033	308.5855733773333	0.5779848075756604	95225.05609661754	0.3340664377882731	190.9133139737341	-0.3473680305376092	0.1206645486395774	36447.89345243359	190.9290672107998	313.2703911759264	1.162383	23.703644	0.029928804	0.0135962	-0.039118405	-0.0923387294	0.1179880855	0.0064066574	0.0703853756	0.0456797376	-0.0752586203	-0.1115907035	0.0239626231	0.0208173021	0.0168183595	0.0907629254	-0.0099935189	-0.0451402776	0.053954963	-0.0891739218	-0.0400155109	-0.1499975015	0.0537565666	-0.0300727813	-0.0858126784	-0.0017649047	0.0993793135	-0.0798984715	0.0566954842	-0.1052102317	-0.1210444063	0.016192921	0.0209978989	-0.0951950049	0.1244834542	0.0126870125	0.0386940406	0.0410215007	0.0035148407	0.0677485288	0.0802944837	-0.0146158766	-0.0370594133	0.2414918779	-0.0160351392	-0.0197272913	-0.1192904808	-0.0637550524	-0.0039158514	-0.0759116306	0.0739211668	0.0713048882	0.0622779104	-0.0328109173	-0.0784872106	-0.14549704	0.1372335869	0.053615415	-0.0412247578	0.0642656019	-0.1831954321	0.0527936115	0.016135943	-0.0922075274	-0.0450048534	0.0268964668	-0.1230143373	0.0419849427	-0.116213051	0.1460429301	-0.0395959142	0.0217551083	-0.0891050611	0.0032348429	0.0952976229	-0.0842494319	0.0088457956	-0.1174852006	-0.1303229738	0.0223002598	-0.0010072002	-0.0331921125	0.1407918758	-0.028764739	0.06025031	0.0401927474	0.0333234519	0.0342568535	-0.0593910358	0.0296687204	-0.1095506929	-0.0810751186	0.1947217351	0.0149505186	0.0931499922	-0.0661953165	-0.0319742209	0.024126044	0.0580494105	0.0823231356	-0.1399552077	0.0152332302	0.0308638862	-0.1639961708	0.1214043655	-0.0037894438	0.1361461697	-0.0287405638	0.0028900094	0.1413632001	0.0806155761	-0.0234654259	-0.0401566633	0.0012826733	0.0829837674	0.100344501	-0.0768307426	-0.0713651537	0.1491105486	0.0588460586	0.0064392448	0.0229213346	-0.0059526146	-0.0356080663	0.0634892556	-0.0489870128	0.1182171695	-0.0816339721	-0.1251032903	0.0453647141	0.0318727209	-0.1621498901	-0.0568709693	0.0790305455	0.0595466497	-0.0270003766	0.0066610105	-0.007984982	-0.0353084062	0.1691337586	0.1021363857	-0.012048889	-0.1170936064	0.0356568892	-0.0826219	-0.0009037999999999	8.168544399999933e-07	0.00682637835961	0.0809391	-0.0089348	0.00655113790881	7.983065104000012e-05	0.000280834	0.007470454	7.886773555599999e-08	5.5807682966116e-05	0.00132208	0.0001176099999999	1.3832112099999995e-08	1.7478955264e-06	0.000499503	5.8162e-05	3.382818244e-09	2.49503247009e-07	-0.000262111	7.6623e-05	6.8702176321e-08	5.8710841290000015e-09	0.0
280.2529283807187	0.265975966413805	78541.70386596824	0.0707432147097575	308.28180517491035	-0.3037682024229298	95037.67140190136	0.092275120803258	190.8055800716807	-0.1077339020534111	0.0116065936516539	36406.76938649056	190.8109385861348	314.9994987087555	1.189154	24.249548	0.042579034	0.0229503	-0.0654736632	0.126359191	-0.0065245644	-0.0699271743	0.0452090025	0.0179467931	-0.0775191994	0.1322549638	0.0338679203	0.0073978	-0.0468540855	-0.0119974612	-0.0015730289	-0.071302569	-0.0757177983	-0.0627320979	-0.0064886188	0.0428507679	0.1024634312	-0.0521631105	-0.0510364733	-0.1305565897	0.0149054937	0.0200021569	0.0662390914	-0.0254348066	-0.0889464786	-0.0510245902	0.0970946169	0.1051997648	-0.1484309919	-0.0599810252	0.0356858863	-0.0537102045	0.0703796903	-0.0617532908	0.0670034482	-0.1281554978	0.1512242839	-0.088274877	-0.1455264857	0.0083632946	0.0287365867	-0.1680202956	0.0218319227	0.0844549904	0.0585855164	-0.1670468566	-0.0087205268	-0.1019515676	0.0609748447	0.0163794921	-0.0997898383	0.0056994062	-0.1348457737	0.0174329446	-0.0907013369	0.0171523706	0.0693653551	-0.0091668834	0.0293539943	-0.1105262819	-0.0048962502	-0.1456093431	-0.1361515161	-0.0347816995	-0.1060338436	0.0486347828	-0.069469896	-0.1192147715	-0.0088592527	0.0103993919	0.0801831545	-0.0296331602	-0.0858082885	-0.0851705789	0.0964562116	-0.0316913941	-0.1788308273	-0.0373316096	0.0217734402	-0.0026015369	0.032032625	-0.0920780562	-0.0422157884	0.0359600241	0.2281131379	-0.0758460722	-0.0075519105	-0.006074657	0.039245707	-0.0474502519	-0.0226561728	-0.0601108672	-0.2502829874	0.0888005722	-0.0186653671	-0.0569658864	-0.018839898	0.0078240268	-0.0866700697	-0.0625785098	-0.095752132	-0.1376369656	-0.0082421334	0.0582284352	0.0553941201	-0.1003362158	0.0271248783	-0.0180492352	-0.1791540789	0.0407334697	-0.1686302235	-0.0608489987	-0.0566558865	-0.0535246669	-0.1186238883	0.0628288978	-0.0255962856	-0.0132476994	0.0064553734	-0.0130105253	0.0527869038	-0.0214022653	0.0911497568	-0.02979301	0.0020839479	-0.040164384	0.0598686429	-0.002857822	-0.037054203	0.0514143152	0.2215709464	0.0826041883	0.0632759413	-0.0020297859	0.1927621335	-0.0147140554	-0.1159000657	0.043250186	-0.0804073	0.0022145999999999	4.904453159999987e-06	0.00646533389329	0.0804764	-0.0004626999999999	0.00647645095696	2.1409128999999675e-07	-0.0116889	-0.011969734	0.00013663038321	0.0001432745320307	0.00120124	-0.00012084	1.4602305600000024e-08	1.4429775375999995e-06	0.000857627	0.000358124	1.2825279937600006e-07	7.35524071129e-07	-0.000341787	-7.967600000000004e-05	1.1681835336900003e-07	6.348264976000006e-09	0.0
280.7703156287265	0.5173872480078217	78831.9701382547	0.2676895644011071	308.67093638821814	0.3891312133077917	95277.7469707794	0.1514231011703941	191.08631301255696	0.2807329408762484	0.0788109840930272	36513.97902073289	191.0786511203192	319.41478277764946	1.059028	21.595999	0.07721485	0.0446828	-0.0451505767	-0.0137214783	-0.1622558737	-0.0591371556	-0.0181635576	-0.0142303355	0.1203443276	0.0402667822	0.1214960977	-0.0457543012	0.0053889187	0.0538510667	-0.0122324093	0.057043384	-0.0400311485	-0.042573795	0.0829490515	0.0973927897	-0.0744575779	-0.0561675267	-0.0669853662	-0.1051155814	-0.0132844274	0.1241723031	-0.1037407375	0.0142490014	-0.0818181129	0.1637828006	0.017977737	0.1129271363	-0.1874700085	0.1050128847	-0.0471265612	-0.085626965	-0.0262667084	0.0067458314	0.0186123774	0.1493881983	0.0917821339	-0.088065598	0.1645410819	0.1135151115	0.0036768923	-0.1454646458	0.0617661002	-0.057425188	-0.0682452695	0.003261188	0.1991022358	0.1123007954	-0.1019397929	0.0624824539	-0.0768407379	-0.1348678573	-0.0501831904	0.0075587931	-0.0196834685	-0.0093454575	0.0276630595	0.1097553513	0.0123895221	-0.0708755201	-0.0502171541	0.0199817317	-0.0177931882	-0.1026039434	0.0698119812	0.0513387471	-0.0950423142	-0.1183656018	-0.008161491	0.1194738879	-0.0554892924	0.0506466275	-0.0474456683	0.1430955774	0.0976918188	-0.0036813673	-0.208543626	0.1587474369	-0.0477496528	-0.0732871692	-0.0056283482	0.0131937224	-0.0184866046	-0.1770758443	-0.022941232	0.0078405519	-0.1428630293	-0.0402384065	0.015166202	-0.1632944065	-0.0499091824	-0.0037765367	0.025576638	-0.0839431886	-0.0166653237	0.2340470131	0.1626052427	-0.006018717	-0.1153889402	-0.0085902118	-0.0156142766	-0.0869086227	0.021179858	0.0080776444	-0.0154100779	-0.0962854208	0.0575130498	-0.0939481653	-0.0007325214	0.0339701305	0.0144163115	-0.0943235765	-0.1278764771	0.0048344159	0.0348815969	-0.0275107147	-0.0285984438	0.0440513883	0.0319969944	0.0692596161	0.0530460527	-0.0091459455	-0.0040131304	0.0297999553	0.0835735975	0.0717225321	-0.0391673191	0.1306784645	-0.0143502276	0.0588893412	0.0746045533	-0.0450363835	0.0663826969	-0.0834388415	0.1089426047	-0.0173718128	-0.1144731177	0.0506475487	-0.0858145	-0.0054072	2.923781184000001e-05	0.00736412841025	0.0956037	0.0151272999999999	0.00914006745369	0.0002288352052899	-0.0486512	-0.0369623	0.00236693926144	0.0013662116212899	0.0014696	0.00026836	7.201708960000003e-08	2.15972416e-06	0.0007502099999999	-0.0001074170000001	1.1538411889021488e-08	5.628150440998499e-07	-0.000360371	-1.8583999999999983e-05	1.29867257641e-07	3.453650559999994e-10	0.0
280.8136494638308	0.0433338351043062	78856.30572519524	0.0018778212648472	309.758796527838	1.0878601396198633	95950.51202637456	1.1834396833737484	191.2061878244412	0.1198748118842445	0.014369970524283	36559.80626235549	191.20596694119703	321.64446814468647	1.073211	21.885221	0.0667866	0.0344524	-0.1144146115	-0.1321284585	-0.0075546311	0.0247935004	-0.0155478434	-0.0298195746	-0.0057590344	-0.1340625799	0.0592197802	-0.0519831428	0.027466283	0.0719398921	-0.0895045935	0.0496575187	0.0379580247	-0.0962105344	0.0381982749	-0.1682592537	-0.064343397	-0.0165557356	-0.0401039936	-0.0263086272	-0.0564231346	0.0329765391	-0.0753193958	-0.0665116286	-0.0524991888	0.0658223843	0.0014525159	0.1368607526	-0.0780459559	-0.1175545302	0.0496966528	-0.033202756	0.0302630805	-0.011654595	-0.0105076195	-0.042128392	-0.1213098839	0.0877319662	-0.0252648524	-0.033184445	0.0470617848	0.0461789816	0.0656859146	-0.0194649945	-0.1976854783	0.0260585091	-0.183760633	-0.0272513338	-0.0077499484	-0.0498762161	-0.0002661042	0.0038539107	-0.0305156227	-0.1621814754	0.0222789197	-0.0700662403	-0.037461208	-0.0755677586	0.0350864239	0.1670264785	-0.1013531914	-0.1127010225	-0.0560166462	0.1605573271	0.0704087008	0.011796	-0.0637527639	-0.0441334017	-0.0400062054	0.0482962113	-0.0966807832	-0.0608527579	-0.0385032241	0.055652278	0.0428902343	0.0870216927	-0.1587350703	-0.0965771725	0.0043618648	-0.0329970069	-0.0030394265	-0.0292388252	0.0181010201	0.0904589069	-0.0433885946	0.0420969886	0.0966640583	0.0159379904	-0.0532914812	0.0331390698	-0.0317506961	-0.0311263618	0.0409365976	-0.2287982801	0.0133838609	-0.1732818363	-0.0129167311	-0.0409250626	0.0394950215	0.0394884713	-0.0290996627	-0.0194727391	-0.1401985887	-0.0274499426	-0.1005597387	0.1376864514	-0.0001205357	0.0803323868	0.0587292916	0.1728007722	-0.0253598058	-0.1026283442	0.1101628746	0.0540730129	0.0919518714	-0.072404434	-0.0320615827	-0.0551605101	-0.0229769404	-0.0431072792	-0.0004018944	-0.0170695551	0.0123464485	0.0854544382	-0.0991554407	0.0241980077	0.0250235815	0.1403948286	0.1254002381	0.1118485048	-0.0349758986	-0.0257894639	0.1122213444	-0.1002687931	-0.0265315049	-0.020020823	-0.112815636	0.0578154653	-0.0606204	0.0251941	0.00063474267481	0.0036748328961599	0.083709	-0.0118946999999999	0.007007196681	0.0001414838880899	-0.0362673	0.0123838999999999	0.00131531704929	0.0001533609792099	0.00150294	3.3339999999999976e-05	1.1115555999999982e-09	2.2588286436e-06	0.000675945	-7.426499999990004e-05	5.515290224985153e-09	4.569016430249999e-07	-0.000121698	0.000238673	1.4810403204e-08	5.696480092900001e-08	0.0
280.5565001270326	-0.2571493367981929	78711.94976352966	0.0661257814157504	308.83579910989744	-0.9229974179405644	95379.55081184892	0.851924233524949	191.2285960056691	0.0224081812278882	0.0005021265859418	36568.3759302994	191.24166451451063	319.3050498538421	1.205645	24.58585	0.0858007999999999	0.0462234	-0.112285465	0.0894414916	0.0140715211	9.9236e-06	0.0929881568	-0.1365924064	-0.1145345368	0.0226496246	0.0669994717	-0.0054766246	-0.0691276538	-0.0452273395	-0.0829631191	-0.0630402775	-0.0401648185	0.1042395837	0.1113097788	-0.0214363183	0.0386402808	0.0566147046	-0.0464380104	-0.0190907305	0.1217180753	0.1012657332	-0.0225107601	0.0950553301	0.0789143637	0.053154928	0.1495528916	-0.1091928	-0.130979607	0.0083203497	-0.0348187353	0.055500113	0.0020297319	0.0099500728	-0.2001469533	-0.0342358696	-0.0482467714	-0.100914941	0.0933567764	0.0234605806	0.0938233225	-0.1239291575	-0.0220318844	-0.0512910406	0.0149013919	-0.0847635748	-0.0236826974	0.0892145938	0.0600772476	-0.1252519019	-0.0664009172	0.0610518592	0.0750380927	0.0695052641	-0.1075229329	-0.0460117222	-0.0317739229	-0.0078343477	0.1287226184	0.0248640214	-0.064889742	-0.1156436403	0.1318407858	0.0250123307	-0.0426104387	-0.0521153507	-0.0368320358	-0.0346258867	0.1181081099	0.081440282	0.0610881885	0.1229973973	0.1077220794	0.040762248	0.1300309339	-0.1574885766	-0.0300808964	0.014755196	-0.0637370149	0.0225546165	-0.0241470045	0.0538267236	0.1947107628	0.0541458672	0.0078738685	0.062847559	-0.1266833029	0.0322020976	-0.0228933342	-0.1091813404	0.0008400259	-0.1605634083	-0.0340313813	0.0009257487	0.0824162518	0.0129854181	-0.0521708318	-0.0957932075	-0.0173952661	-0.1311545611	0.1042817502	0.056902709	-0.1143428278	0.0085963117	-0.021185115	0.0224021088	0.0620620049	0.0626265137	-0.0944996217	0.099974664	0.1502300549	-0.1177190658	0.0057200609	-0.1125607665	-0.076571837	-0.0500039372	0.016274345	-0.0620430188	-0.0352738032	0.0194584145	0.0336115132	0.145597192	0.1155209472	0.0691334408	-0.0598980688	-0.0372941235	-0.0205143873	0.1018428821	-0.0931139673	-0.050672345	0.0497683941	-0.0325217629	0.0701683372	0.0175748844	-0.0737725028	-0.0226597522	-0.1109309587	0.0647214634	-0.0732115	-0.0125911	0.00015853579921	0.00535992373225	0.0530851	-0.0306239	0.00281802784201	0.00093782325121	-0.0457603	-0.0094929999999999	0.0020940050560899	9.011704899999988e-05	0.00198498	0.00048204	2.323625616e-07	3.9401456004e-06	0.000855761	0.000179816	3.233379385600002e-08	7.32326889121e-07	-0.000121698	0.0	1.4810403204e-08	0.0	0.0
280.2401765025224	-0.3163236245102325	78534.5565261649	0.1000606354232905	307.7318962034305	-1.103902906466942	94698.91994095892	1.2186016269061624	191.1415787945141	-0.087017211154972	0.0075719950371889	36535.10314405945	191.1476362730545	315.3239748524573	1.166018	23.777756	0.05763305	0.0296508	0.0403757841	0.0227458317	-0.1260372354	-0.0415423897	0.1291977776	-0.0105871783	0.0874103833	0.0696439617	0.0924424208	0.0609787476	-0.064967767	0.0631622229	0.088373315	-0.0534401354	0.0100379511	0.0344560485	0.0973581125	0.1320404269	-0.0472569331	0.1061382245	-0.0670525531	-0.0943751884	-0.0305352522	-0.1181009476	-0.082388893	-0.0264625014	-0.0313570244	0.0488452433	-0.0571690141	0.0055129057	-0.0512171773	-0.0152813412	0.0099230977	0.1020177149	0.1119311768	0.0011684996	0.0791139733	-0.0184788579	-0.0959474518	-0.0810915286	0.0042369603	-0.0762534707	0.0356956756	0.0484122599	-0.023979344	0.0811820175	0.0426625688	-0.1364205827	-0.0414189596	0.0328198385	0.0095125986	0.0335155795	-0.1313986948	0.0256487986	0.0075437423	-0.0619223132	-0.0006715347	-0.0486217058	-0.1141690768	0.0021942491	0.0536724803	0.0290796193	0.009069587	0.1257176428	-0.1015016693	-0.1369593249	0.0359874213	-0.101097291	-0.0700444804	-0.0770520196	-0.0414076943	-0.1126114703	-0.0898687593	0.0046454093	-0.0170904701	0.0610347774	-0.0422636423	-0.0421744728	-0.0663620839	-0.0294849114	-0.0004930248	0.1378689965	0.0637915538	-0.0424302843	-0.0623775626	0.0350498403	-0.0257404241	0.0949706827	-0.0268831292	0.0588898232	-0.0153752736	0.069796877	0.0581626096	-0.0193796818	-0.1226925457	0.0265584758	0.1099896088	-0.0225565052	0.0418864463	0.0343629591	-0.0353792375	-0.0733757259	-0.0877861719	0.0265426278	-0.0933794433	-0.0697138557	-0.1113505227	-0.0550024193	-0.0206758831	0.0276893638	0.1019287558	-0.0196432905	-0.1098285304	-0.0736106072	-0.1756125026	-0.014436536	0.0580762317	-0.0213433094	-0.0128193666	-0.0057061401	0.0238365027	0.0525875816	0.028454804	0.033344184	-0.1098441649	0.0212114681	0.0038411431	-0.0222838843	-0.0640351771	0.0438301349	-0.0334396712	0.1372165956	0.16793685	0.0296085213	-0.0302168168	-0.0194031628	-0.1410209197	-0.0252872714	-0.1088228812	0.0713342571	-0.0724467	0.0007647999999999	5.849190399999939e-07	0.00524852434089	0.0703271	0.017242	0.00494590099441	0.000297286564	-0.0561013	-0.010341	0.00314735586169	0.000106936281	0.0023444	0.00035942	1.2918273640000005e-07	5.49621136e-06	0.000629476	-0.000226285	5.1204901225e-08	3.96240034576e-07	-0.000121698	0.0	1.4810403204e-08	0.0	0.0
280.67092926455194	0.4307527620295559	78776.17053422712	0.1855479419960912	308.9607646035995	1.2288684001690058	95456.75406444084	1.5101175449339317	191.29574834424	0.1541695497258786	0.0237682500626801	36594.0633345828	191.2961346325611	318.210375230554	1.209439	24.663218	0.0758097999999999	0.0468168	-0.0811670846	-0.1812277585	0.0029032796	0.0142198557	0.0880490595	0.0318637126	-0.0051266023	-0.1697411749	0.0819999924	0.0107469107	0.0064319015	0.1137399366	-0.0704200426	-0.0069097328	0.000769267	-0.0601463161	-0.0459953691	-0.1918148238	-0.1212978207	0.0474941587	-0.0548232422	-0.023665482	-0.0266184641	0.0384627621	0.0193286511	0.0075586224	-0.0099120408	-0.0271314239	-0.0160856931	-0.0168989939	0.0274838718	-0.0800764892	0.0810012947	0.0156209237	0.0790066742	-0.0435905473	-0.0866793484	-0.0943416868	0.1375569694	-0.0314063641	0.0942035298	0.000704332	-0.0059437598	-0.0383006739	0.0188778402	-0.0683154158	0.0119320166	-0.0252901016	0.0491735017	-0.048552834	0.0607489714	0.1149997395	-0.0522508035	-0.096057593	0.0733223326	0.0895912826	-0.0975748649	-0.1210378531	0.0201236722	0.185244874	-0.0740015995	-0.0142387313	-0.1201803418	0.1540789928	0.0692321554	0.1794082855	0.1284937424	-0.0588772496	-0.0706602652	-0.023801877	-0.0190866175	0.0354286846	0.0075243282	0.0031564349	0.0048422269	-0.0132889503	-0.027787103	0.0185243649	0.0051079803	-0.1057803673	0.0749020995	0.007257805	0.0150037133	-0.0558246103	0.1027692011	0.0123380622	0.047998254	-0.1248884879	-0.1131545677	0.0637859296	0.035874565	-0.0377151777	-0.0661734638	-0.0525533721	-0.0149929043	0.017799088	-0.0439773195	0.0348832815	0.0523077831	0.1354928899	-0.0964030682	-0.0944628823	0.1111695277	0.0328807686	-0.0811714421	-0.0003071954	0.0225096344	-0.1117576145	0.078883632	-0.2098582553	0.1762280063	-0.0184547111	0.0713993384	-0.1055511757	0.0969646151	0.0663480915	0.1290751144	-0.0895386208	0.0060925334	-0.0663764545	-0.0045332129	-0.0196488425	-0.0248011353	0.0001625423	0.1130020943	0.1129411077	-0.0647510349	0.0468387296	-0.061349685	0.0399156393	0.0937038222	-0.0270843293	0.0316675563	-0.0394889507	0.0581840446	-0.0367576878	-0.0591126292	-0.0279020578	-0.1064956489	0.0776238888	-0.0710609	0.0013858	1.920441640000018e-06	0.00504965150881	0.0821000999999999	0.0117729999999998	0.0067404264200099	0.0001386035289999	-0.0446824	0.0114189	0.0019965168697599	0.00013039127721	0.00160784	-0.00073656	5.425206336e-07	2.5851494656e-06	0.000917558	0.0002880819999999	8.299123872399996e-08	8.419126833639999e-07	-0.000121698	0.0	1.4810403204e-08	0.0	0.0
280.82828818737784	0.1573589228258924	78864.52744625293	0.0247618305929251	309.8462633289325	0.8854987253329796	96004.70689890216	0.7841079925663316	191.2076694431589	-0.0880789010811042	0.0077578928156549	36560.37285388432	191.23218594444663	321.7484981511992	1.212436	24.724321	0.0351401	0.0190298	-0.1596489171	0.0912647741	0.0302417602	0.0415039621	0.0151832091	-0.1177518817	-0.1348210606	-0.0110785443	0.0524498138	-0.0611819334	-0.0460185782	-0.0244151105	0.0117037714	0.0029728166	-0.0083621153	0.1028500462	0.0890395872	0.0077479421	0.1264032401	0.0845369471	-0.0346802135	0.1353507097	0.0506206845	0.1049837882	-0.0779773987	0.1333835157	-0.0533116799	-0.1140421661	0.0538377706	-0.0259827029	-0.0118705605	0.0043908516	-0.0512832023	0.0385706416	0.1145952843	-0.0505115365	0.0204291355	-0.1123214141	-0.1624560848	-0.0305422233	0.0184176166	0.0609098249	0.0447246357	0.0872388455	0.0505007129	0.2205023085	-0.0672644265	0.0195358411	0.1758427165	0.0114658376	0.0656919592	-0.0739205695	0.084588909	-0.0749141229	-0.0536225306	-0.0626141645	0.0096604644	-0.106393548	0.0331645553	-0.0774808134	-0.0504694233	-0.1302738276	-0.0553652409	0.0580514081	0.0415537108	0.0043563773	-0.1251505977	-0.0854760834	-0.0071208105	0.1248230621	0.0731420327	0.1103579057	-0.0542885118	0.1518088916	-0.0426579036	-0.1117267175	0.0276347817	-0.0586847921	0.002802055	-0.0422858653	-0.0059416315	0.0715714011	0.112424363	-0.0984072094	0.0013068371	0.1579807526	-0.0833852172	0.0857178699	-0.0769941082	-0.115531285	-0.0444180459	0.0505840364	0.0308496437	0.1422647443	-0.1220842058	-0.0825194332	-0.0422374026	0.1210591208	-0.130289129	-0.0769879482	-0.049613551	0.1428246425	-0.0106673011	-0.0332150731	-0.0416093182	-0.0379239921	0.065760848	-0.1343114517	-0.0974789048	-0.028680596	0.0388258946	0.0327706691	0.0480586702	-0.0987728584	0.0289961954	-0.1179220066	-0.0712728459	-0.0199851974	0.0043415591	-0.0659339312	-0.0433688118	0.0407067274	-0.0746524604	0.1388405203	-0.0805664001	0.0646457963	0.0537355604	0.0508299374	0.0782837377	0.0237599336	-0.0090451497	0.0343862701	-0.0319760562	-0.0056397319	0.0487833663	0.0140289849	-0.089353468	-0.0305027946	-0.1039539485	0.0835618648	-0.0631552	0.0079057	6.250009249000002e-05	0.0039885792870399	0.0716655	-0.0104345999999999	0.0051359438902499	0.0001088808771599	-0.0526773	-0.0079949	0.00277489793529	6.39184260100001e-05	0.001779	0.00017116	2.929574560000002e-08	3.164841e-06	0.000922496	4.938000000000013e-06	2.438384400000013e-11	8.509988700159999e-07	-0.000121698	0.0	1.4810403204e-08	0.0	0.0
280.35608507545953	-0.4722031119183043	78599.53443883831	0.2229757789053306	308.87273312228285	-0.9735302066496274	95402.36526642895	0.9477610632592662	191.1938169594296	-0.0138524837292948	0.0001918913054703	36555.07564351587	191.21388904038383	317.6159226836435	1.063066	21.678347	0.0582700999999999	0.0303379	-0.0183988303	0.0790207804	-0.0857702866	-0.0308836318	-0.0114810911	-0.0482365392	0.0116898202	0.105550489	0.0526560956	0.0363103537	-0.026565124	0.0179379609	0.0005423197	0.0737809737	0.0262817291	-0.0061423296	-0.0680667933	0.0967162788	0.0418716416	0.0980964305	-0.0685740552	0.1104486997	-0.0333502417	0.0101019847	0.013503027	-0.0060556504	0.0466293841	-0.1057905647	-0.1301313448	-0.0769409521	0.0633722591	-0.1211983128	0.0382226781	-0.0065371782	0.0916995496	0.0472255154	0.006674728	0.0141621027	-0.0287890274	-0.0367666525	0.0354995661	-0.1351063629	-0.1106237552	0.0424864984	-0.01290538	0.0012700469	0.0307532752	0.0762686616	0.1153704019	-0.0407043644	0.1851697511	0.0038975245	0.0087423824	0.0701776432	0.0664567949	0.0184127376	0.1732866501	0.0956979014	0.087589478	0.12689023	0.0635250225	-0.0336706131	-0.0405188284	-0.1822808084	-0.0126776199	-0.0973602175	-0.0512565821	-0.0908862572	-0.0413903964	0.1166335695	-0.0201934993	0.0195538831	-0.0100818941	-0.0056179375	0.0298627526	-0.0573590999	-0.1799791124	0.0005578353	0.0528109914	-0.1427297504	0.0174648426	-0.0265820712	0.0742205761	0.0247182682	0.0170156854	-0.0135226646	-0.0196141524	0.0381807015	0.0121745143	0.1450795141	0.0667932799	0.0277394522	0.0181919684	0.0962378838	0.0366991829	0.0594738581	-0.0560653243	0.06396814	-0.2176207963	0.1068179797	-0.0253305251	0.0008337361	-0.0386315659	0.0825678829	0.1186119662	-0.0631184684	-0.0545560283	0.0947349718	0.146480217	-0.0578605633	-0.1351665075	0.1138458795	0.0518164041	-0.059400016	-0.1172224318	-0.077501476	0.0077780539	0.0226970288	0.002734899	0.0098348707	-0.0034496616	-0.0099434322	-0.0414796667	-0.0498772754	0.0020452807	0.1102192247	-0.0039101714	0.0628210892	-0.0064347096	0.0393567988	0.0400788007	-0.0054293759	-0.1226202568	0.0090852468	0.1014026863	0.0334099976	-0.0265630555	-0.0330881723	-0.1012028987	0.0891212848	-0.075909	-0.0127538	0.00016265941444	0.005762176281	0.0927498	0.0210843	0.00860252540004	0.00044454770649	-0.0561496	-0.0034722999999999	0.00315277758016	1.2056867289999984e-05	0.00213323	0.0003542299999999	1.2547889289999994e-07	4.5506702329e-06	0.000857532	-6.496399999999993e-05	4.220321295999991e-09	7.353611310240001e-07	-0.000121698	0.0	1.4810403204e-08	0.0	0.0
280.14464928023176	-0.2114357952277714	78481.02452034406	0.0447050955036001	308.6741313497353	-0.1986017725475335	95279.71936451366	0.0394426640590222	191.19277576427555	-0.0010411951540447	1.0840873488063158e-06	36554.67750444856	191.2027717602731	317.07278759520506	1.013384	20.665216	0.0345536999999999	0.0192429	-0.0003482373	-0.0626613793	-0.1083693186	-0.0985657878	0.0345635976	0.0510422789	0.1229177755	-0.0104573849	0.0763062257	0.0210188057	0.0174696357	0.1361363877	-0.0237424662	0.0073971393	0.0464181181	0.0814344366	0.0738775375	0.0786007796	-0.1032902293	0.0363164333	-0.0876101213	-0.0645051429	-0.0483949132	-0.0508422951	-0.0865351458	-0.0148871818	-0.0630658357	-0.0545646655	0.0175150623	-0.0899315455	0.0364368003	-0.0937294349	-0.0700982895	-0.0276392482	-0.1396129531	-0.0133870705	0.1593619588	-0.0416357793	0.0581619616	0.0580805016	-0.0422864588	-0.0990664355	-0.1955690174	-0.0469622424	0.0410707961	-0.0918376667	0.0232999592	0.1250076889	0.0129187493	-0.1172690863	-0.1121254413	-0.0289297673	-0.0121316162	0.1008609474	-0.1140046443	-0.0619274702	-0.1946314769	-0.0415695194	0.139969738	-0.0399160495	0.0711321654	0.0568245586	0.0063336106	-0.0787136371	-0.0250449209	-0.0850457327	0.0976688172	-0.0433577865	-0.101509724	-0.0531739374	-0.0511803336	-0.0396527761	-0.0884336641	0.0160045523	-0.0545316687	-0.0362888593	-0.024593411	-0.081090598	0.0774704572	-0.0585981423	-0.070395351	-0.0606377953	-0.1247235469	-0.0197286085	-0.1691711019	0.0051372957	0.0423274055	-0.0721250647	0.0698997764	0.0818478579	0.1512231106	-0.0053139998	-0.0553189557	0.0997837246	0.1041058762	0.0297674533	-0.1872069523	-0.0476433063	0.057505793	-0.0729608191	0.1077801733	-0.0476874531	-0.0570844225	-0.0901117482	-0.147990645	0.1047257657	0.1151152899	0.0103124423	0.1173245018	0.0799721662	-0.0585713713	0.1020594256	-0.0570879285	-0.076170665	-0.0846685183	0.0476612473	0.1420572533	-0.0059641128	-0.0804481112	-0.0126304342	0.0277694086	0.0592584248	0.0416119125	0.0380617577	-0.0075704682	0.0592875063	-0.0198915518	-0.0343790718	-0.107617392	-0.0035062381	-0.1413942227	0.0840989297	-0.0653305657	-0.048933583	-0.0315624121	0.1587246987	0.0038418884	-0.0356568892	-0.0982480398	0.094276963	-0.0850941	-0.0091851	8.436606201000002e-05	0.00724100585481	0.0907094	-0.0020403999999999	0.00822819524836	4.163232159999991e-06	-0.0513054	0.0048442	0.00263224406916	2.346627364e-05	0.00203459	-9.863999999999968e-05	9.729849599999934e-09	4.139556468100001e-06	0.000586492	-0.00027104	7.346268160000003e-08	3.43972866064e-07	-0.000121698	0.0	1.4810403204e-08	0.0	0.0
280.1279211463957	-0.016728133836068	78471.65220580128	0.0002798304616374	308.7322498728608	0.0581185231254721	95315.60211155856	0.003377762730286	191.29851462394245	0.1057388596669	0.0111807064436563	36595.12169732672	191.3151760555941	315.0774384929926	1.184068	24.145838	0.05317555	0.0319457	-0.014560122	-0.143733511	0.0517436086	0.0115875676	-0.0052670579	-0.0809930111	-0.0334149827	-0.1500641574	0.0118098266	0.0527647594	-0.0404478941	-0.0751454263	-0.0887230794	-0.0964709871	0.0634227357	-0.097068361	-0.0564376487	-0.1505055157	-0.0596145553	0.0155296844	-0.0236171029	0.067641296	0.0828612024	0.0535739916	0.1198167398	-0.0487277087	-0.138230679	0.006664799	0.0500609326	0.0637949403	0.1412352578	0.0774215658	-0.0727295615	-0.1606634613	-0.0456305759	-0.1132834608	0.0626148777	0.0859580571	-0.17963761	-0.0229594893	-0.1468194416	0.0039033985	-0.0012658481	0.0104992323	0.0549744523	0.0128783545	0.1611973801	0.1230405949	-0.0095439383	-0.1021332464	0.0368767286	-0.1142834447	-0.0793670835	0.0671044463	0.0270643707	-0.0510142958	0.1106517177	-0.0220256296	-0.1059987178	-0.0591929966	0.0217286692	0.0274803373	-0.0198899952	-0.0112362246	0.1586624764	0.1449464992	0.0651966227	-0.0224542908	-0.0117462905	0.0503342525	0.1032249795	0.05705241	0.0752043653	-0.080814887	-0.1568928954	-0.0264602643	0.0615306521	0.1091862367	0.0990114489	0.0931482667	-0.0304457954	-0.0970534313	0.0050166924	-0.1020071016	-0.0787312199	0.0068448111	0.0471665771	0.2239407964	0.0975363316	-0.0815360137	-0.0580194545	-0.0004110683	-0.0719865111	0.1017040979	0.039491923	0.1640294107	-0.0776788492	-0.0990087769	-0.0893218718	-0.0756119203	0.0130064709	-0.0673841907	-0.0609367795	0.0766567638	-0.01279951	-0.0988220354	-0.116940556	0.0294735332	-0.0587837278	0.0814370363	0.0178906419	0.0419190965	0.1396215395	-0.0552367709	0.1386401305	0.0126819479	0.0074822555	-0.1699996321	0.0304376562	0.0995921106	-0.0464612421	0.0012801579	-0.0098140126	-0.0649245876	0.0416159699	0.1512820533	0.0505837215	0.0202535301	0.0433226119	0.0063012612	0.0235480347	-0.0058129229	0.0418091628	-0.0085467387	-0.0119644518	-0.0352086456	0.0025258762	-0.0382076517	-0.0950953223	0.0990055431	-0.0841149	0.0009791999999999	9.58832639999999e-07	0.00707531640201	0.0973444	0.006635	0.00947593221136	4.402322500000002e-05	-0.0292401	0.0220653	0.00085498344801	0.0004868774640899	0.00171259	-0.000322	1.0368400000000016e-07	2.9329645081e-06	0.0007344129999999	0.0001479209999999	2.1880622240970416e-08	5.393624545688531e-07	-0.000121698	0.0	1.4810403204e-08	0.0	0.0
280.3542079825688	0.2262868361731307	78598.48193353346	0.0512057322252453	308.4542755482664	-0.2779743245943677	95144.04010400586	0.0772697251336949	191.14209260197225	-0.1564220219702008	0.0244678489572459	36535.29956426094	191.16884520459408	315.5047361580804	1.096345	22.356976	0.0648738	0.0418205	-0.081625994	-0.0067241227	0.0936106709	0.027586204	-0.0481418139	0.0378189595	-0.1212308097	-0.0144326405	-0.0223346151	0.0127165605	-0.0390208261	-0.068606271	0.0849281187	0.1289331753	-0.0115794608	-0.0414896587	0.0073929589	-0.0755403768	0.1042921774	-0.0599896061	0.0355393878	-0.0776613947	-0.082533874	0.0811108291	-0.0713602628	0.162212645	-0.0027999205	-0.1216731734	-0.0929365748	-0.2149466094	0.0102456363	-0.143970499	0.0480076856	-0.0386297988	-0.0320731641	0.0407048843	-0.0978669463	0.1828943173	-0.0432437872	-0.1241178089	-0.1476917604	0.0746560049	0.0852958185	-0.0156388961	0.0724917975	-0.098423878	-0.0268801973	0.1662237631	0.0313400677	-0.0131837185	0.0501936776	0.0469096897	-0.0084083088	0.0533357955	0.0039327341	0.0898010401	-0.0230394467	-0.1002283155	-0.0296863751	-0.1158808968	-0.0459993238	-0.0694940109	0.0661315478	0.1146299278	-0.1323271994	0.0853495813	-0.0994681008	0.0551225323	0.0312241322	-0.0444832649	-0.0969291506	0.0525108557	0.0023197653	0.2203899931	0.0090663318	-0.0289088366	-0.1500223009	-0.1364902561	0.0604552536	-0.1643717429	0.0363041471	-0.0937039391	-0.0524297141	0.0807691275	0.0835027207	-0.1119106238	0.1256711595	0.1828245541	0.0228649496	-0.142217146	-0.0818846412	-0.0170150343	-0.0729819507	0.0316794614	0.1540620304	-0.0139094994	-0.0513538566	0.0303665274	-0.0486369864	0.0386278807	0.0093205002	-0.0642794514	0.0128088767	-0.021289431	-0.035839286	-0.0185800103	0.1031208234	-0.1114020169	-0.153750069	0.0409291582	0.0148549239	-0.1169376572	-0.1271841398	-0.054316077	0.0379591602	-0.0537295648	0.0017230842	0.0295484509	0.1344787411	-0.0607576485	-0.0125352574	0.1009096786	-0.0325055085	-0.0031833205	0.0432120125	0.0601680185	0.072835538	0.0920407899	-0.1129585778	0.0513907551	-0.0772392467	-0.0504151705	-0.0596373942	0.0386279282	-0.0233127186	-0.0807931457	-0.005954917	-0.0407391756	-0.0917510955	0.1032856033	-0.0833301999999999	0.0007847000000001	6.157540900001731e-07	0.0069439222320399	0.0878879999999999	-0.0094564000000001	0.0077243005439999	8.94235009600019e-05	-0.0643014	-0.0350612999999999	0.00413467004196	0.0012292947576899	0.00194386	0.00023127	5.34858129e-08	3.7785916996e-06	0.000894571	0.0001601580000001	2.5650584964032052e-08	8.002572740410001e-07	-0.000121698	0.0	1.4810403204e-08	0.0	0.0
280.7494159928046	0.3952080102357627	78820.23458030084	0.1561893713545107	309.94992698963813	1.495651441371706	96068.957240882	2.236973234077261	191.27846930289283	0.1363767009205787	0.0185986045539809	36587.45281885772	191.29443649506905	320.1445288887092	0.973611	19.854145	0.05173645	0.0258507	-0.1528857198	0.0095758813	0.0777129575	0.0156871486	-0.1329218717	0.1611118134	-0.1157532958	0.0282598081	0.0297773891	-0.0731663193	0.0759962131	0.0834519542	-0.005606283	0.1865975041	0.0857555757	-0.0014931356	0.0548727279	-0.0312058265	0.1366278827	0.0129140946	-0.0105418077	-0.095807597	-0.1076851358	0.1174979754	-0.0635610601	-0.0668745865	0.0542357177	0.0123581091	-0.0332846661	0.0243015183	0.0149762871	-0.0303081953	-0.1603177383	-0.076673551	-0.130042969	-0.1733335407	-0.0462077835	0.0185739211	-0.0604515625	-0.0615144677	0.0448232841	-0.0994427896	0.0774190735	-0.1525844732	0.0145565287	-0.0588814215	0.0645665601	0.0312470667	0.1222081295	-0.0574794005	0.0037634151	-0.0099552983	0.0548608968	-0.1560526942	-0.0216757619	-0.0355743256	-0.0194033492	0.0745580086	-0.035853985	0.0983147551	-0.1432344128	-0.0149921839	0.0743044392	0.0710682794	-0.1170401026	0.0426473846	-0.136917143	-0.0134470432	-0.0275336064	-0.097417292	-0.1081683217	0.110088578	-0.0627639863	-0.0269508519	0.0557052369	0.0171130765	-0.040998785	0.0303997162	0.0316922355	0.042948772	-0.1742857244	-0.0712310627	-0.1361985082	-0.1106714911	0.0024242814	0.0321893988	0.0313769694	0.1229428064	-0.0447297509	0.081163249	-0.0691406393	-0.1634943085	-0.0040181149	0.0050335621	-0.0039764732	0.0797869937	-0.1163582554	0.0750758431	0.0479775363	-0.0172815645	-0.1166989817	0.1152941487	0.0291565369	-0.0403854515	0.0540610886	0.0836401557	-0.0376287375	0.0167326477	-0.0448413379	-0.1550178961	0.02023219	-0.1411090731	-0.1169413361	-0.047922664	0.0640911861	-0.0309946979	0.0692677164	0.1449359244	0.0196198479	-0.1031547833	0.0267508281	0.0598211951	-0.0236035479	-0.0864223739	-0.0269402408	0.0413637426	-0.0111573791	0.07375631	-0.1439432326	0.013607404	-0.0734437729	0.1247323329	-0.10689112	-0.0935369012	0.0494955947	0.060931453	0.0414952914	-0.043250186	-0.0882220943	0.1070977539	-0.0779361999999999	0.0053939999999999	2.909523599999996e-05	0.0060740512704399	0.104683	0.0167950000000001	0.010958530489	0.000282072025	-0.0502612	0.0140401999999999	0.00252618822544	0.0001971272160399	0.00178607	-0.0001577899999999	2.4897684099999963e-08	3.1900460449e-06	0.000863691	-3.088000000000006e-05	9.535744000000035e-10	7.45962143481e-07	-0.000243173	-0.000121475	5.9133107929e-08	1.4756175625000005e-08	0.0
280.5116258142395	-0.237790178565092	78686.77221694791	0.0565441690220183	309.92023384609405	-0.0296931435440797	96050.55134721762	0.0008816827735293	191.26124839297705	-0.0172209099157782	0.0002965597383273	36580.86513684007	191.27647251530044	319.8637735794194	1.0985	22.400913	0.0694666	0.0357411	-0.0996978908	0.1330221934	0.0076502772	-0.0476232273	-0.1794112756	0.0606437995	-0.0896105567	0.1171115844	0.0226476951	-0.0828569602	0.0683821747	-0.0101021271	-0.1235768464	0.0386512286	0.0469323103	-0.0723309361	-0.0428222515	0.0673224669	0.0718651822	0.0200729158	-0.0077718382	-0.0234689904	0.1032096042	-0.0287736464	0.0135902868	-0.009766647	-0.0664177468	-0.0749630939	-0.0009314965	0.0404906648	0.0049293364	-0.0416652843	0.0631278721	-0.1679959661	-0.048428266	-0.0567388593	-0.0791160247	0.0216598956	-0.0538805385	0.0050274691	-0.0084036378	-0.1727789714	0.0349066657	0.0958958062	0.2231224056	-0.0411164631	0.118468112	-0.1566269278	-0.0426902399	-0.1255964777	-0.0708897612	-0.0601422207	0.1508299846	-0.0128174643	0.1110427139	0.1139696865	0.0383142936	-0.0227505033	0.0700096742	0.0380801295	0.0348495407	0.0202073433	0.0464626364	-0.0510533239	-0.0494543662	-0.0623230721	-0.0823894836	-0.0145469559	-0.0085129096	-0.0334597979	0.099053703	-0.0369903855	0.0089041946	-0.0308863558	-0.0508133417	-0.0785138393	-0.0115381843	0.0519551859	-0.0390063983	-0.0318502635	0.0426927887	-0.1615333342	-0.0370600167	-0.0158690403	0.0638812108	0.0301493981	0.0082518203	0.1024304554	0.0227346906	0.1745043956	-0.1033804557	0.0999877676	-0.2233368053	0.0244733627	-0.1208195451	0.0948880022	-0.0514996001	-0.0982647102	0.0623055681	-0.0505560728	0.0378306998	0.0978012624	0.150721179	0.1339645022	0.0290866885	-0.0785122963	0.0947826501	0.0372241632	0.0641992567	-0.0110596234	-0.0500949237	0.0292369922	-0.0149595807	-0.0215507027	0.0657817388	-0.0914819806	-0.0683403727	0.0251591462	-0.1670737611	-0.0088433122	-0.0279557485	-0.077951101	-0.0272554572	-0.0275219736	0.0498658089	0.017981533	-0.0318691763	0.0877031551	0.1176946996	0.1101242974	-0.1147835777	0.0657941202	-0.0062260419	0.1236143278	0.0863584006	0.0810474515	-0.0257143577	-0.0457394187	-0.0845154255	0.1104247249	-0.0656818	0.0122543999999999	0.0001501703193599	0.00431409885124	0.0766075999999999	-0.0280754	0.0058687243777599	0.00078822808516	-0.0347263	0.0155348999999999	0.00120591591169	0.0002413331180099	0.00167117	-0.0001149	1.3202010000000006e-08	2.7928091689e-06	0.000899354	3.5663000000000014e-05	1.271849569000001e-09	8.08837617316e-07	-0.000121698	0.000121475	1.4810403204e-08	1.4756175625000005e-08	0.0
280.08353407171825	-0.4280917425212465	78446.78605810336	0.1832625400148771	308.9114773817768	-1.00875646431723	95426.300858192	1.017589604301799	191.3220246601263	0.0607762671492366	0.0036937546485953	36604.11712004997	191.3502786249924	316.0097509880496	1.116116	22.760147	0.0549905	0.0277103	0.0522266036	0.0446210233	-0.0773609461	-0.0609827422	-0.1106164171	-0.0683188631	0.1037733411	0.0881477908	0.0318329121	0.0236880791	-0.0646974902	-0.0829473169	-0.0828491481	0.0503284925	0.0346013571	-0.0127152721	-0.0077220716	0.094315788	0.0024684666	0.0374939765	0.0034487798	0.0088489037	0.0391221516	-0.0256685267	0.0031039493	0.0503800819	-0.0797800581	0.11205123	0.0451073081	-0.0138350286	0.0537186317	0.05130963	-0.0825397095	-0.1183411842	0.0845670606	0.0327388038	-0.0682715199	0.030135099	0.030561026	0.0323143755	0.0325878398	-0.0106844484	-0.137110442	0.0584724156	0.106529462	-0.108355694	-0.0613915247	0.0909040077	0.0287885764	0.0071962686	-0.0965569842	0.1517743752	-0.166438054	0.1560267544	0.1026509415	-0.1532667366	0.0220243921	-0.1068992617	-0.0651398593	-0.1100286824	0.011996288	0.0221747582	0.0054624206	0.0031597469	-0.1607807145	-0.0971614427	-0.0035708721	-0.0403373012	0.0114475613	0.0165307661	0.0398176197	-0.0316818913	0.0107885595	0.0469967012	-0.0835983182	0.0890678647	0.0813978613	0.0163300116	0.0521395322	0.0455051633	-0.0568840214	-0.0830617298	0.1244801638	0.0077523879	0.0628558395	-0.0280492853	-0.0033742002	-0.0096093892	0.014024153	0.0277590374	0.0703618641	0.0290747079	-0.1269059371	0.0952199917	0.1472108872	-0.0726382275	-0.0373005537	0.0642285363	0.1083135453	0.0977369629	0.0895147431	-0.1310523221	-0.1976795572	0.1170360201	-0.153474219	-0.043938103	-0.0509727194	-0.017376483	-0.0853562633	0.0803623845	0.0120706624	-0.0037063926	-0.1093671103	0.0151941504	-0.0841098624	-0.0600975157	-0.0482934193	-0.1073172108	-0.0022617248	0.0513444383	-0.0161152592	-0.0624398524	0.0352187741	0.0267708392	-0.0569631436	-0.0145824175	0.0261275524	0.048412159	-0.0121321985	0.0665314708	0.0289052215	0.0170745389	-0.0810707416	0.0320597227	-0.0181557034	-0.0727893408	-0.1150724838	-0.0482056202	-0.0806385538	0.1132514443	-0.0701575	-0.0044756999999999	2.003189048999999e-05	0.0049220748062499	0.0552061	-0.0214014999999999	0.00304771347721	0.0004580242022499	-0.0309288	0.0037975	0.00095659066944	1.4421006250000015e-05	0.00183329	0.0001621199999999	2.628289439999999e-08	3.3609522241e-06	0.0011336	0.000234246	5.4871188516000007e-08	1.28504896e-06	-0.000231648	-0.0001099499999999	5.3660795903999993e-08	1.2089002499999996e-08	0.0
279.7015492815205	-0.3819847901977482	78232.95667048285	0.1459123799424177	308.8306625617662	-0.0808148200106302	95376.3781383395	0.0065310351333505	191.22231341647205	-0.0997112436542408	0.0099423321110753	36565.97314834747	191.2429860756689	312.13195975744026	0.982836	20.042259	0.034964	0.0176105	0.1100017971	-0.0816370547	-0.0081780374	-0.0452485396	-0.0282761183	-0.0102480937	0.0908475643	-0.041219269	-0.0168157754	0.0950978356	0.0158535548	-0.0375400996	0.0260532547	0.0415087026	0.0243372791	0.1001465927	0.0202947175	0.0087032809	-0.0915409651	0.0074455731	-0.0147892904	-0.0135329355	-0.0302542385	0.0197011793	0.0629436723	0.0581404758	0.0822220945	-0.0008529689	0.0720225972	-0.0143679402	0.1430675583	0.0588779866	0.0650950374	0.1065876079	-0.0978744906	0.0836084913	0.0428699422	0.0472837971	0.0605441393	-0.0233185044	0.0335155684	0.003154314	-0.0457387488	-0.0408156459	-0.0465173902	0.0178776546	0.0366926803	-0.0495953066	-0.0697099049	0.0155742195	0.0301212782	-0.1215728926	0.0070077622	-0.0093392633	-0.114400221	0.0243494878	-0.0382068622	0.1848343961	-0.085361411	-0.0221185171	-0.0226132051	-0.0859098678	-0.1321010321	-0.0490921718	-0.023097404	-0.011254211	0.0893359947	-0.0171027983	-0.0121003915	0.0048619833	-0.036644743	0.007277808	0.0817597272	0.0363472944	0.069878777	-0.022604886	0.0613216426	0.0420875584	0.1501357153	0.0198924623	0.0673335874	0.075804777	-0.0755169127	0.1197389023	-0.061269541	-0.0732028532	-0.0103452574	-0.0289892522	-0.0339431924	0.0293037241	0.067520546	-0.0122872312	0.0462906021	-0.0216450552	-0.0354005697	0.0460434175	0.0519564338	-0.0655082532	-0.0373860243	-0.130988373	-0.0046999682	-0.0047831274	0.01268118	-0.0857462908	0.1333419468	0.1069098442	-0.06957628	-0.0786285921	-0.0932847173	-0.0259983715	-0.0401005788	0.1115105596	-0.0556002404	0.0369107061	-0.067855576	0.0368196371	0.0493598893	-0.0390667044	0.0793836192	0.0039022874	0.0183184982	-0.0547708564	0.0113986105	0.0630607551	0.0079232617	-0.0716591506	-0.0696096756	0.0363853849	-0.0409825436	-0.1018963399	0.0632632085	0.119553724	0.0026653834	0.0434722013	0.0099054474	0.1211504819	0.0018416695	-0.0506475487	-0.0765992869	0.1155651064	-0.0790652	-0.0089077	7.934711929000008e-05	0.00625130585104	0.0686055	0.0133993999999999	0.00470671463025	0.0001795439203599	-0.0309462	-1.7400000000000748e-05	0.00095766729444	3.02760000000026e-10	0.00175835	-7.49399999999999e-05	5.616003599999985e-09	3.0917947225000005e-06	0.0012015	6.790000000000008e-05	4.61041000000001e-09	1.4436022500000002e-06	-0.000121698	0.0001099499999999	1.4810403204e-08	1.2089002499999996e-08	0.0
280.0093792340556	0.3078299525350871	78405.25245904116	0.094759279677754	308.41060600480085	-0.4200565569653349	95117.10189624853	0.1764475110495716	191.2704139422685	0.0481005257964568	0.0023136605818956	36584.37124964674	191.29698676897672	310.7738805200196	1.017397	20.747034	0.0396748999999999	0.0217955	0.0584550291	-0.1303085239	0.0679627345	-0.0210667367	-0.0269160139	0.1168468727	-0.0002043292	-0.1181455413	-0.0249262332	0.0365737486	0.0615736039	0.061567841	0.0261840831	0.0591151025	-0.0954098538	-0.0423850923	-0.0676226833	-0.1280877275	-0.1020148007	0.0012286201	-0.0943723887	0.0785827713	-0.0216549517	-0.0632283277	-0.1511585825	0.0057269479	-0.0763487778	-0.0244037864	0.0521833306	0.1255531846	-0.0035035474	0.1339749853	0.0487189236	0.0243234413	0.0504911046	0.107565273	-0.0171083361	-0.0491553823	0.0915308908	-0.07724639	-0.2112004555	-0.0655514491	0.0380671758	-0.0822842065	-0.0168020466	-0.0846745931	-0.0254573788	-0.1038206942	0.0612937616	-0.0146878639	0.033047911	-0.1094840347	0.0017531586	0.1777749899	-0.0254970932	0.09263261	-0.1982846708	0.0439865704	-0.0558781592	0.0822044558	-0.0399799459	-0.0139709712	0.0725714453	0.0304896679	-0.0001367136	0.1208486567	0.1052843108	-0.0052535149	-0.0898237093	0.0864492266	-0.0107681609	-0.0426171514	-0.152669287	0.0263551028	-0.0348192304	-0.0607075211	0.0942181662	0.049752145	-0.0750719763	0.1037355068	0.0692187366	0.0881616865	0.0778170139	0.1105851851	0.0066915916	-0.009781692	0.2644644133	0.0209696992	0.0428633628	0.0300745347	0.0067553482	0.0407947673	-0.0268468216	-0.1538798278	-0.084262656	0.0346564727	-0.0650270001	0.05230041	-0.0616327138	-0.1064626799	0.1266383088	-0.1529834662	0.0666169789	-0.0121087367	-0.0205640715	0.1271734865	0.0102937424	0.0080669275	-0.0132731054	-0.0927473216	-0.0443426531	-0.0539848457	0.0325932993	0.0346712856	0.0494441034	0.0748062064	0.1023641634	-0.039018165	0.0245441286	-0.1322062008	-0.044166122	-0.0805358445	-0.0292965364	0.0264451157	-0.0097427744	0.0155114341	-0.1131011353	0.0516862211	0.037673814	-0.0125202069	0.0813216076	-0.1340098403	0.2056453644	0.0787201599	-0.0665971624	0.0450946085	0.0139306919	-0.0530639746	-0.0724057592	0.1173552296	-0.0644392	0.014626	0.000213919876	0.00415241049664	0.0739617999999999	0.0053562999999998	0.0054703478592399	2.86899496899989e-05	-0.0171346	0.0138116	0.00029359451716	0.00019076029456	0.00173951	-1.8840000000000003e-05	3.5494560000000004e-10	3.0258950401e-06	0.00130028	9.877999999999992e-05	9.757488399999985e-09	1.6907280784e-06	-0.000121698	0.0	1.4810403204e-08	0.0	0.0
280.3562376399872	0.3468584059316413	78599.619983649	0.1203107537654392	309.5686983602224	1.1580923554215588	95832.77900444236	1.341177903685854	191.08453501779903	-0.1858789244694776	0.0345509745619297	36513.29952296846	191.09010656115035	317.3039028922976	1.250842	25.507509	0.09111615	0.0493868	-0.0738011536	0.0257099542	0.0966156688	0.0499196598	-0.015112012	-0.0180684061	-0.1129081429	-0.0418397551	-0.0364618493	-0.1117582123	-0.0009992774	-0.0240704413	0.0243610997	-0.086103244	-0.0706375127	-0.0004609704	-0.0242040201	-0.0172954073	0.1378612119	-0.0324286525	0.0558015602	0.0016273423	0.1937586366	-0.1220239163	0.0022065205	-0.0204051962	-0.0212091586	-0.1832834913	0.0770568936	0.0465174056	0.1340556793	0.0380148257	0.1190934166	0.06281654	-0.0477721118	-0.0916062017	-0.0072150295	0.0230441404	0.0722113657	-0.0334375354	0.114564291	0.0179621107	0.0683550227	0.1553798438	0.0263275402	0.009654021	-0.1199611078	-0.0026410678	-0.1338983179	0.1807311072	-0.0934531925	-0.0654499279	0.0699415711	-0.1417123411	0.0971176658	-0.0974666329	-0.1466801222	-0.0855821224	0.0148412713	0.0286757877	0.0111744135	-0.1784641626	-0.0712547533	0.0086934458	-0.0276990872	0.0290005108	-0.1297673635	0.0420510916	0.0560096255	-0.0173661167	0.1895076256	-0.1189623545	-0.0155369577	-0.0531696586	-0.0401639674	-0.1816510262	0.0286694793	0.0412777702	0.0939965081	-0.0348955806	0.1408715413	0.0535818532	-0.0878379162	-0.053390527	0.0162726961	-0.0452241799	-0.0463088254	-0.0519252227	-0.1376712365	0.0275209418	-0.0907656355	0.0958268293	0.0273564543	0.0052154229	0.1205963225	-0.1616490938	0.1950728475	-0.0263846675	0.0993801798	-0.1321475852	-0.0426471902	0.1462174132	0.0435807464	0.067563127	-0.1090980785	0.0729771799	0.0481903114	-0.2188546875	-0.0095602899	-0.0841675267	-0.0299302705	0.0511178466	-0.0168250668	0.0375929036	0.1197562446	0.0397141545	-0.1417567767	-0.02549976	-0.0494008582	-0.1122784689	0.2389421778	-0.1762276769	-0.1360962079	0.2238314639	-0.1201768094	-0.1497954174	0.142291405	0.0128838829	0.0216570449	-0.1477276989	0.088648647	0.0084205899	-0.0828311773	0.0771008762	0.234970781	-0.1503716428	0.1610444971	-0.0554536812	-0.0680664159	0.1186137044	-0.0607272	0.003712	1.3778944e-05	0.00368779281984	0.0374465	-0.0365152999999998	0.00140224036225	0.0013333671340899	-0.0144364	0.0026981999999999	0.00020840964496	7.280283239999997e-06	0.00112378	-0.00061573	3.791234329000001e-07	1.2628814884e-06	0.00134623	4.59499999999999e-05	2.11140249999999e-09	1.8123352129e-06	-0.000423831	-0.000302133	1.79632716561e-07	9.1284349689e-08	0.0
279.7082674739195	-0.6479701660677506	78236.71489326168	0.4198653361138683	308.6237299204639	-0.9449684397584974	95248.60667001944	0.8929653521396089	191.1590136775264	0.0744786597273616	0.0055470707547841	36541.76851016472	191.1898496819989	313.11256480598564	1.205696	24.586876	0.121287835	0.0591824	0.0936221895	0.1181129643	-0.019371988	0.0477015367	0.0429925776	-0.0847730116	0.0050856149	0.1081804023	-0.0746612655	0.026435045	-0.0701253676	-0.1028833223	0.0697525467	-0.1160205189	0.0133495094	0.0424371348	-0.1331180492	0.1261196481	0.023103733	-0.0299612242	0.1511817431	0.1123763623	-0.0484574924	-0.024765078	0.1578218095	-0.0210310897	-0.0065132467	0.0330097317	0.0998796482	0.0058644161	-0.0289865824	-0.0699734807	0.1097340506	-0.0991765425	0.0356858424	-0.0058841603	0.0899713367	-0.0734755878	0.0005293106	-0.1086216409	-0.1098377777	0.0078362296	0.0208064613	0.1372395109	-0.2349809055	-0.0899415394	-0.07162725	-0.1602668892	0.0992785735	-0.1385864892	-0.0445897331	0.0114262501	0.1440613367	-0.0164320411	0.0092315064	-0.1597807063	0.0274436941	0.0361812682	-0.0067641264	0.0214635464	0.0358735639	0.0368980852	-0.1118512054	0.0099205064	0.1109504454	-0.1230236691	-0.0326331248	0.0288896357	0.1621824816	0.0976699741	-0.0452190089	0.0063963468	0.1311020671	-0.0896211624	-0.010098053	0.0061404461	0.1016304644	-0.0045316715	-0.0265694724	-0.0648754332	0.0909382733	-0.0889558845	0.0210536921	-0.0554886183	-0.0646688283	0.029913385	0.0828228915	0.0300182906	-0.0172295894	-0.0113240306	0.0580764926	0.2299987132	0.1461383753	-0.2206543574	-0.0701000595	0.0138393219	-0.1486417505	0.0319948355	-0.0011574499	0.0507528302	0.0404969918	0.1846860661	-0.0737040333	0.0350948211	-0.0267744413	0.0478596539	-0.0543558001	0.0314014789	0.0060201407	-0.0008596165	0.0749164734	0.1461146652	0.1284764168	0.1119231243	-0.0489717101	-0.0558187609	-0.1069670225	0.018382728	-0.020510956	0.1076839581	0.0635619627	-0.0783225118	-0.0310850784	0.0120632003	0.0217466247	-0.0781245671	0.0680364181	-0.0366570625	0.0392835523	0.0146158778	0.1818764521	0.0039714033	0.0832818589	0.1402352574	0.0033510998	0.0538029178	0.0532484686	-0.0578154653	-0.0635899959	0.1193348294	-0.0750157999999999	-0.0142885999999998	0.0002041640899599	0.0056273702496399	0.0843900999999999	0.0469435999999999	0.0071216889780099	0.0022037015809599	-0.000497015	0.013939385	2.47023910225e-07	0.0001943064541782	0.00185659	0.00073281	5.370104960999999e-07	3.4469264281e-06	0.00147111	0.00012488	1.5595014400000043e-08	2.1641646321000003e-06	-0.000488466	-6.463500000000001e-05	2.38599033156e-07	4.1776832250000014e-09	0.0
279.71908860443125	0.010821130511772	78242.76852969365	0.0001170968655528	307.73586710012995	-0.8878628203339645	94701.36389986884	0.7883003877313817	191.18477250832493	0.0257588307985372	0.0006635173641076	36551.61723905995	191.2036625478792	310.69810874884695	1.050506	21.422203	0.125803135	0.063755	0.1576358174	0.0253682357	-0.0696133191	0.0261489806	0.1082513357	-0.0026254919	0.1205852822	0.0610725413	-0.0433008815	0.0568504024	-0.0834004277	-0.0181561101	-0.0351573325	-0.0016605389	-0.0254998187	0.0893066812	-0.0005488294	0.0847067168	-0.0524190149	0.0116826801	-0.0174855182	-0.1179253868	0.003616429	-0.0235697883	0.1570455662	0.0532357063	-0.0655267879	0.0385204902	-0.08061552	-0.123644517	0.0664713025	0.0029900354	-0.0822722423	0.0002435767	0.1113616923	0.1022540804	-0.0711660509	0.0109836216	-0.0445165281	0.0200253145	0.0535024635	-0.0227582629	0.0526287129	0.064804417	0.0605199986	0.1463802602	0.052421957	-0.0228608531	0.0741763919	-0.0067887445	-0.0190507557	-0.0895160862	0.0155194416	-0.0861272044	-0.0477447844	0.1364887597	0.1193696879	0.1568778089	-0.1462792915	0.0179626156	-0.0903016654	0.091272029	-0.0653808922	-0.0567810129	0.0352372798	-0.0902320537	0.0465842673	-0.0077719022	-0.0097697318	-0.0887213656	-0.0232012597	-0.0539671504	0.1513719961	0.0312980681	-0.0929811754	0.0717409793	-0.1066414912	-0.0317902167	0.102596147	-0.0227781045	-0.0564687921	0.0092898124	0.1554015559	0.053084767	0.0658167276	0.0213531013	-0.0822638159	0.0213229161	-0.0180057311	0.0033787171	-0.0705277634	0.0327475453	0.0074449727	0.0980804832	-0.1168816743	0.0199672539	-0.0081736987	0.0296161919	0.0298643416	-0.0693545026	-0.0790776809	-0.0178302156	0.1488862105	-0.027880419	0.2062416014	-0.0516069579	-0.1070164998	0.1799261363	-0.102229073	-0.0376798389	0.0272007363	0.0810877958	0.0276109269	0.0692998055	-0.1066320751	-0.0271063467	0.037986301	-0.0414498287	0.0060306982	0.0106964749	0.0105735873	-0.0205104003	0.0716321234	0.0559972779	0.0122202821	-0.0556398793	-0.0572221539	-0.076714238	-0.1857970103	0.046114614	-0.0302381016	-0.0785708757	-0.0299279187	0.0385306305	-0.0303725505	0.038785542	-0.1574094868	-0.0601481375	-0.0589855141	0.1195153378	-0.0778728	-0.0028570000000001	8.162449000000626e-06	0.00606417297984	0.060341	-0.0240490999999999	0.003641036281	0.0005783592108099	-0.0346949	-0.034197885	0.00120373608601	0.0011694953384732	0.00254551	0.00068892	4.746107664e-07	6.4796211601e-06	0.00114052	-0.00033059	1.0928974810000013e-07	1.3007858703999998e-06	-0.000213993	0.000274473	4.5793004049e-08	7.533542772900001e-08	0.0
279.85428437638643	0.1351957719551819	78318.42048381937	0.0182778967545575	308.71125634613526	0.9753892460053066	95302.63979480923	0.9513841812228006	191.23788237057715	0.0531098622522279	0.0028206574684506	36571.9276535827	191.2588077929529	313.5016373078641	1.06129	21.642115	0.0428050999999999	0.0281602	0.0984746998	-0.1081895217	-0.0150495207	0.0517250487	0.1070152723	0.0646850031	0.09392023	-0.087853156	-0.0317440781	0.0390386742	0.0414280111	0.0881476108	0.0073735536	-0.0340331828	0.0549867482	0.0683953037	0.0175805216	-0.0388979953	-0.0828709793	-0.0161683211	0.0317109072	0.041878828	-0.0020482651	-0.0260110962	0.046819397	-0.057707062	0.1238350085	-0.0270464504	0.0229503387	0.107415184	0.010954301	0.1279178849	-0.0502002569	0.0648418669	0.0391877675	0.0479345777	0.0845774837	0.0924083403	0.0235311473	0.0179427013	-0.0726605265	-0.0348849117	-0.1158614177	0.1391282372	-0.0388214843	0.0266102569	0.0421321528	-0.1464269017	-0.1660628209	0.1112565859	0.0587020808	-0.0088277473	-0.0953297991	-0.0932331128	0.1641973107	-0.0052422959	-0.0679945653	-0.0974065759	0.0023637936	-0.0157806639	-0.0581366718	-0.0857214196	0.0564538874	0.0708478763	-0.0147145957	0.034538358	0.0917517276	0.0145032412	0.0237326433	0.0212976836	0.0038825522	-0.007095855	0.0182252392	-0.0957430367	0.1010462846	-0.0720519181	0.0370429518	0.0832885005	-0.0010608501	0.1218795693	-0.0248597086	0.0940784531	0.0621801418	0.0274808012	-0.0687980304	-0.0905095712	-0.0427288528	-0.0245085514	0.0889318121	0.0303207952	0.095983606	0.1848989851	0.0339882554	-0.0269427357	-0.0082086325	0.0164454595	0.2238505436	-0.0633805604	0.009353165	-0.0414892974	-0.1363032207	-0.0176708934	0.0014437602	0.1169953831	-0.1115032732	-0.0160547273	0.0797526514	-0.0527200516	-0.0476622153	-0.0418536947	-0.0119679411	-0.1451232685	0.0538222104	0.0556451451	0.0418401888	0.0655322554	0.14914875	-0.0332638948	-0.0578805784	0.0456987574	0.0575078648	0.0243113295	0.0394811747	0.0368860465	-0.0388049592	0.0011485572	-0.1495918802	0.0008135268	0.0138876595	-0.0885868731	0.0823159337	0.0631847536	0.0932723683	-0.0150430244	0.0649391133	0.1181199149	0.0377446992	-0.0624505233	-0.0542622434	0.1191544118	-0.0921101	-0.0142372999999999	0.0002027007112899	0.00848427052201	0.084399	0.024058	0.007123191201	0.000578787364	-0.0309902	0.0037047	0.0009603924960399	1.3724802090000014e-05	0.00254551	0.0	0.0	6.4796211601e-06	0.00114052	0.0	0.0	1.3007858703999998e-06	-0.000197891	1.610199999999999e-05	3.9160847881e-08	2.5927440399999965e-10	0.0
280.54265957438867	0.6883751980022339	78704.18384107132	0.4738604132246147	308.9674118630756	0.2561555169403391	95460.8615933674	0.0656156488589723	191.1899490989065	-0.0479332716706437	0.0022975985330517	36553.59663644246	191.20877455838453	316.9373241177521	1.186439	24.194201	0.06819435	0.0439577	-0.0411836054	-0.0017251991	0.080216247	0.1268428329	0.0501156749	-0.0815636321	-0.089649427	-0.0753018885	-0.0480453165	-0.0490794109	-0.085111602	-0.0647539813	0.0269263635	-0.0174276507	0.0257437436	-0.1428456513	-0.0026862004	-0.0909378822	0.0794875216	-0.0689637411	0.0326566461	0.0773842602	0.0588038889	0.0550403874	-0.0265559914	-0.004842543	-0.1553359909	0.1264975472	0.0031769107	0.0180498563	-0.1148228079	0.1672745568	-0.0603289662	0.1045902809	-0.0392229109	-0.0744593687	-0.1003764519	0.003438518	0.1367505881	0.0471777666	-0.0017576029	-0.0789318473	0.1155203775	0.0450144569	-0.0484428491	-0.0203381568	-0.0365322864	0.0252417093	0.0249900647	-0.1117284447	0.0007447543	0.0461806807	0.1260389851	0.0415630573	0.0924037832	-0.0655642033	0.0055813631	0.1183941982	0.1335837419	-0.0888847978	0.0948925839	0.1326670033	-0.0487584034	0.0153453999	0.1479907935	0.0981176772	-0.0699881237	0.0718839717	0.0379709155	0.0590100698	0.0713515386	0.0563004732	-0.0306437321	0.0221532761	-0.1361124966	0.1245390768	0.0418175515	-0.0516795806	-0.0780923521	0.1906058604	-0.0481866132	0.099411677	-0.050418712	-0.0172324857	0.1064824614	-0.0461950908	0.040473727	-0.1215997387	-0.0165963852	0.0552799704	-0.1392898638	0.0319232399	0.0253179938	-0.0233532954	0.017050744	-0.0056596792	-0.1045155757	-0.0200635443	-0.0528082709	0.0599009967	0.0789450514	0.1233227374	-0.0304370264	0.0951488522	0.0294050442	0.1000561448	0.0716637138	0.098985649	0.10721365	0.1366187129	0.1015964601	0.0597693665	0.0601794509	-0.0068552185	0.0943864515	-0.0793153365	-0.0580219282	-0.0737406734	0.0872196767	0.0064405783	0.0657506681	0.0974642084	0.0347068466	-0.0579702186	-0.0647689127	0.1075080259	-0.0020826539	-0.0602671748	-0.0366925979	0.0333436799	-0.0162443512	-0.0709095118	0.0875210069	0.1092335233	0.0230331517	0.0710295085	-0.038777544	-0.0647214634	-0.0494296957	0.1182536866	-0.0910477	0.0010624	1.1286937600000107e-06	0.0082896836752899	0.0582099	-0.0261891	0.00338839245801	0.00068586895881	-0.0654471	-0.0344569	0.0042833228984099	0.00118727795761	0.00254551	0.0	0.0	6.4796211601e-06	0.00114052	0.0	0.0	1.3007858703999998e-06	-0.00032761	-0.0001297189999999	1.073283121e-07	1.6827018960999994e-08	0.0
280.28735236153153	-0.255307212857133	78560.99989383733	0.0651817729368774	310.15313673632704	1.185724873251445	96194.96822738278	1.4059434750471551	191.04319077634628	-0.1467583225602311	0.0215380052406928	36497.50074200744	191.0691667765476	318.7261179226987	1.098465	22.400202	0.05603965	0.0242299	0.0204009121	0.079091244	-0.0485121964	0.0576786501	0.0460654408	-0.0504927656	0.0018415227	0.0762770319	-0.0073124557	-0.0152565523	-0.0146724852	0.014505511	0.0241553368	0.070529295	0.096325399	0.0243540903	-0.0155007112	0.092813731	0.0571103853	-0.0025538416	-0.0503122935	0.081968509	-0.0898211109	-0.0261147176	-0.0335262712	0.0111869673	-0.0143228941	0.0770272756	-0.1277830419	0.0540956957	0.1198652196	-0.0542128708	0.0881056813	-0.0785306047	-0.0388977076	-0.0225604875	0.2727859553	-0.016669933	-0.0326005099	0.0128726701	0.1479948883	-0.0620008807	-0.0146129699	0.0541019627	0.0058014434	-0.0641348346	0.0392246512	0.0115030624	-0.0223038801	0.0486307649	0.1004217423	-0.0315292419	0.0493481566	-0.1754808547	0.1417070003	0.0807011058	0.055732593	-0.0075182243	0.0985442456	-0.1416487736	0.0932479634	0.0256892889	-0.0984118268	0.136827282	-0.1456725087	-0.0919505805	-0.0615923869	-7.94028e-05	-0.0444901858	0.099897644	-0.0733877567	-0.0105421478	-0.0593802308	0.0018197727	-0.0202549285	0.0938211436	-0.0775094709	0.1238920121	0.0298534005	-0.0616946284	0.0928178764	-0.0682481275	-0.0063176979	-0.0586674189	-0.2716932215	-0.0093234225	-0.1097002665	0.0021608287	-0.0534997562	0.1213209265	0.0024382366	0.0037499535	-0.0043189858	-0.0051387777	0.0715476759	0.0204800595	0.0369609872	0.0021783646	-0.0322511613	-0.0067510615	-0.1287522496	0.0829437584	0.0975624378	0.1290530539	0.0574719644	-0.031397627	0.0436431112	-0.1403671388	0.0585598172	0.1137446405	0.1890012788	0.0151576508	-0.1107828957	0.0106480577	-0.0896258966	-0.0885531362	0.0180056555	0.0704285888	0.0464509445	0.0388475895	0.0469361772	-0.0127842143	0.0336006364	-0.1331379296	-0.0782634915	0.068910365	-0.0912521531	-0.0479661693	-0.0137198594	-0.0382834078	0.1214870594	0.1035124831	-0.0430796786	-0.0610512292	0.1971547783	0.0185323707	-0.0111500896	-0.0669598143	-0.0444976032	0.1168172427	-0.0830796	0.0079680999999999	6.349061760999988e-05	0.00690221993616	0.070546	0.0123360999999999	0.004976738116	0.0001521793632099	-0.0771221	-0.011675	0.0059478183084099	0.000136305625	0.00274344	0.00019793	3.91762849000001e-08	7.526463033600001e-06	0.000982176	-0.0001583439999999	2.5072822335999982e-08	9.64669694976e-07	-0.000202675	0.0001249349999999	4.1077155625e-08	1.5608754224999994e-08	0.0
280.07030851268746	-0.2170438488440709	78439.37771039193	0.0471080323210479	308.49183208919413	-1.6613046471329085	95167.21046574754	2.759933130585398	191.14103548799585	0.0978447116495715	0.0095735875977878	36534.89544742329	191.16346834746884	315.87494615584205	1.103659	22.506115	0.06059835	0.0313567	0.0494117816	-0.1073386963	-0.0061525802	0.0531813559	0.1296809706	-0.0481524365	0.06302181	-0.0776936559	-0.0145358256	0.0776975458	0.0191159334	0.0410023542	-0.0350978776	-0.0006687406	0.027493909	0.0146661647	-0.0384375993	-0.0617906085	-0.0824128592	-0.025906944	-0.0876610841	0.0155577092	-0.1876971262	0.0250999541	-0.0471312913	-0.0177453225	0.1886818557	0.0186601563	0.0446767343	0.0986158764	0.0823418361	-0.0356452724	-0.0822844648	-0.0332996851	0.0529923683	0.0608402393	-0.187007114	-0.022464571	0.0099617179	0.0089555086	-0.0627460233	-0.0420888156	-0.1104835301	-0.1009473749	-0.0442163702	0.0622863088	-0.0881219365	0.1673043048	0.0892185808	0.1438598647	-0.0471399279	0.0300501431	-0.0101808401	-0.0223468053	-0.1231813362	-0.0749697535	0.0315022978	-0.0344780276	0.0742656378	-0.0797350125	0.0447445251	0.0018729658	-0.0331541376	-0.0298334371	-0.021150799	0.0578610723	0.0867388817	0.0162438934	-0.0931254426	0.0443998119	-0.1703072476	0.0418589558	-0.0473871811	-0.0170694878	0.1681139324	-0.0171418074	0.0502556938	0.1269083157	0.0383263819	-0.0256303172	-0.0959943209	-0.0157902018	0.0499836304	0.0363826845	0.1410748972	0.0559323484	0.1040781748	0.0017958	0.0698066356	-0.0148744129	0.0778582856	-0.1034610613	0.1244061007	0.1705831057	0.1118867941	-0.0873164627	0.0320988141	0.1533221933	0.0390822895	0.0020727832	0.016800578	0.0254410704	-0.0397746642	-0.1371550905	-0.0294595639	-0.0313228987	0.0108049979	0.0096145066	0.0334011988	0.0548278919	0.0069323635	0.0678513803	-0.0520748512	-0.0026114641	0.0287393543	0.0570415701	0.1540982347	0.0038111782	0.0637213544	0.0803271721	0.031630433	0.0993492281	0.0700063063	0.0551401022	0.1812640507	0.0676623762	-0.0534241651	-0.0369063089	0.0491903117	0.0096012095	0.0113061914	-0.1041289519	-0.0129543031	-0.0392936503	0.0866931385	-0.0715950581	-0.050463753	-0.0691644489	-0.0394758984	0.1148515874	-0.10046	-0.0173803999999999	0.0003020783041599	0.0100922116	0.0905987	0.0200527	0.00820812444169	0.00040211077729	-0.0725950999999999	0.0045270000000001	0.0052700485440099	2.0493729000000907e-05	0.00254551	-0.00019793	3.91762849000001e-08	6.4796211601e-06	0.00100895	2.6774000000000025e-05	7.168470760000012e-10	1.0179801025e-06	-0.000350736	-0.0001480609999999	1.23015741696e-07	2.1922059720999992e-08	0.0
280.3750333163793	0.3047248036918404	78610.15930716081	0.0928572059850306	309.4532698910336	0.9614378018394518	95761.32624625288	0.924362646805877	191.18742577893883	0.0463902909429805	0.0021520590937743	36552.63177597724	191.20334559323857	316.5226617891123	1.167927	23.816692	0.0372277	0.0181572	-0.0688579011	0.0695625437	0.1108453562	0.0577580477	0.1468872686	0.0128308948	-0.1421950778	-0.0143746376	-0.0212661122	-0.0058397142	0.0042468567	0.0450661251	0.0510008962	-0.1105751101	0.1293034659	0.0370675465	0.1163420845	-0.0753279843	0.1463524947	0.0021924907	-0.0113664951	-0.0139238923	-0.0086184022	0.066366479	0.070066323	-0.0192179475	-0.0672513646	-0.0057595069	-0.1197227132	-0.0356378525	0.040974929	0.163943623	0.0471480922	-0.0385877854	-0.0211467225	0.1343812921	-0.028486707	-0.0290392316	0.015144616	0.0629705888	-0.0071682316	0.1404988577	-0.0431620521	-0.0895731395	-0.0115040053	0.1043796267	0.084171281	-0.0884582883	-0.0334835673	-0.0012219655	-0.0553972659	0.1188249801	-0.0465569207	-0.0593037335	0.0719916462	0.0190968464	0.0844678799	0.0285911876	0.0333149356	0.1090593178	0.0101425414	0.0849325994	0.2153848012	0.1348197741	-0.093246937	0.0857220739	-0.1429998645	-0.0055695182	-0.0107173164	-0.0177729211	-0.0051002561	0.0652443496	0.0511082904	-0.0185803025	-0.0849929412	0.0199653799	-0.1084515885	0.0254826582	0.0554187502	0.1501389648	0.0947254483	-0.0390241232	0.0593052931	0.1329608588	0.0087681648	0.0306970838	-0.0415373954	-0.0743955003	0.0280854127	-0.1308243089	0.0664678833	-0.0706585309	0.0050276232	0.0065038418	-0.1200448298	0.0600337354	0.0648252172	-0.0191204921	0.1149389621	0.0917096766	-0.0442870138	0.0135460696	-0.0296443299	0.0497887319	0.0565448999	-0.0266442372	-0.0203103096	0.0181948247	0.0975635002	-0.0128175107	0.0477057003	-0.2388421633	-0.1192390112	-0.0351171387	0.1556969571	-0.0930058823	-0.0404901743	0.0516762753	-0.0476342219	0.0678570203	0.0408800482	0.1500336479	0.0133727633	0.0356722612	-0.0355979306	0.1020349501	0.045743055	0.0582572469	0.0245371843	-0.0956258802	0.0032879467	0.0272927392	-0.0071787726	-0.1001375437	-0.0333184945	0.0439237734	-0.0003404852	-0.0713342571	-0.0343746944	0.1123656258	-0.0980312	0.0024287999999999	5.899069439999975e-06	0.00961011617344	0.0749239	-0.0156748	0.00561359079121	0.00024569935504	-0.0789808	-0.0063857000000001	0.00623796676864	4.077716449000135e-05	0.00249372	-5.178999999999991e-05	2.6822040999999907e-09	6.2186394384000005e-06	0.000906144	-0.0001028059999999	1.0569073635999998e-08	8.21096948736e-07	-0.000250564	0.0001001719999999	6.2782318096e-08	1.0034429583999998e-08	0.0
280.6133911170631	0.2383578006837865	78743.87527421782	0.0568144411468117	309.2077069052546	-0.2455629857789745	95609.40600960584	0.0603011799846848	191.0883819596948	-0.0990438192440308	0.0098096781304442	36514.76971997421	191.1182789084454	316.9000453604137	1.115455	22.746664	0.0380894999999999	0.0198818	-0.0005578971	0.1151271952	-0.0972292907	0.0153400616	0.0575998763	-0.0200965623	0.01215936	0.1524161542	0.006463266	-0.0248140667	-0.0914020559	-0.0300160763	0.0709415312	-0.0423652861	0.0869569017	-0.0685009956	-0.0116371346	0.1162865156	0.0490523664	-0.0400798486	-0.0927466335	0.0309834567	-0.0180013168	0.1168062109	-0.0388969128	-0.0406400358	0.0974892693	0.0425325707	-0.0427773264	0.0240334921	-0.0965499901	-0.0874515761	0.0566925774	-0.0103608755	0.1540217872	-0.0098639121	0.0122156378	0.006572767	-0.0179204191	0.0900179383	-0.0469026603	0.0399956067	-0.0251296011	-0.0895294058	-0.0865019267	-0.0043122595	0.0172202669	0.0387846089	-0.0524445225	0.0674242348	0.1260513028	0.0906810069	0.0417759123	-0.1004647208	-0.0327902992	-0.0140274856	-0.0273925074	-0.0094810822	0.1487560563	-0.1086273664	0.0764210869	0.0362714276	0.0251119048	0.0724218192	0.1659959921	-0.1142054083	-0.0559395859	0.0349438575	-0.088263032	0.0393748519	-0.0083472524	0.1106570113	-0.0122196207	-0.0170442867	0.1073665251	0.0598697078	-0.015297173	0.0006140649	-0.1163857397	-0.1029086206	0.0280115215	0.004675596	0.101712605	-0.0667166306	0.0336384974	-0.0090079843	-0.0006745341	-0.0174788176	0.1236318246	-0.0407986853	0.0517265487	-0.1000962363	0.0635618787	-0.0469646396	0.0581833111	0.0268124061	0.0707806496	0.0021181276	-0.1111081598	0.0773006227	-0.0529748044	0.060527462	0.0079022717	-0.0888006884	-0.021778999	0.0451623437	0.1232908042	-0.01463412	0.0906666768	0.1509790997	0.1186441806	-0.0678250627	0.1385917029	-0.0118181429	-0.1117092957	-0.0999005875	-0.054914273	-0.0008793387	-0.0089139048	0.0207142004	0.0289949578	0.0308932913	-0.003733723	-0.1334002785	0.0903699857	0.0955058261	-0.0006313026	-0.006374914	-0.0280337313	-0.0961366365	-0.0246692797	-0.0413282251	0.001858209	-0.0096484061	0.0913281561	0.0414601507	-0.0743322144	-0.0734681463	-0.0292042644	0.1093706198	-0.0959619	0.0020692999999999	4.282002489999984e-06	0.00920868625161	0.0590043	-0.0159196	0.00348150741849	0.0002534336641599	-0.0845563	-0.0055754999999999	0.00714976786969	3.1086200249999966e-05	0.00254551	5.178999999999991e-05	2.6822040999999907e-09	6.4796211601e-06	0.000984777	7.863300000000004e-05	6.183148689000007e-09	9.69785739729e-07	-9.0485e-05	0.0001600789999999	8.187535225e-09	2.5625286241e-08	0.0
280.60201999521445	-0.01137112184864	78737.49362539472	0.0001293024120966	309.4967848296334	0.2890779243787733	95788.2598198804	0.0835660463631397	191.40654738612304	0.3181654264282372	0.101229238574262	36636.466382276165	191.4159230039024	318.43283307743127	1.051938	21.451403	0.07563129	0.0399112	0.0240404562	-0.068261109	-0.1209534816	0.042127502	-0.0049052359	0.0583864947	0.1302289627	-0.0260455026	-0.0287285163	-0.0680735991	-0.0463711114	0.0596876229	0.1057668079	-0.01389889	0.0307512432	0.1168578222	0.045886214	0.0223234116	-0.1421889365	0.077952676	0.0478255689	-0.0609651984	0.0133764683	-0.0933774922	-0.0259230432	0.01925021	-0.0634103053	-0.1199370541	-0.0094716857	-0.0098244181	-0.0995363362	0.1168074688	0.0206451591	0.1075922656	0.0763621573	-0.0952394102	0.0364007048	-0.0193660687	-0.0055154887	-0.0137286183	0.0378588563	-0.0405547512	-0.1064713564	0.0795006557	-0.0712423004	-0.0299884753	0.047931018	0.0752812965	-0.0211387172	0.1757174516	0.1277348609	0.2249118462	0.1870255424	0.0996339906	-0.1224950661	0.0723783799	0.0995613812	0.0350906245	-0.0519627066	0.0441407021	0.0525046364	-0.0248097258	0.0034524458	0.0711847284	-0.0541180229	-0.0336860151	0.1334202929	-0.0728313651	0.0434255463	-0.0625699993	-0.0030414441	-0.0953516494	-0.0348770425	0.0243532878	-0.0601786866	-0.1104373177	-0.0439476082	-0.0850129356	-0.0749856495	0.0953752501	0.0565659321	0.1192736709	0.017250215	-0.1076690317	-0.0144002071	-0.0014414067	-0.0408180838	-0.0162060901	-0.0163981093	0.0716753975	0.0585438068	0.0347876561	0.016725536	0.0441953657	0.1070259441	0.0721910351	0.1704462957	0.0863570432	-0.1141295254	0.254468612	0.1773770059	0.0497590938	0.0677876983	-0.1115056396	0.1089150077	-0.0063808707	-0.066646027	-0.054863074	-0.0455389408	-0.0106001196	0.0399256167	-0.0021020621	-0.0351096907	0.0544259403	-0.099128072	0.0256722638	0.0919231765	-0.0244867478	0.0151832456	-0.0411768276	-0.0113231827	0.0380622306	-0.002659524	-0.0126524657	0.0106148939	-0.0746260361	0.0675992556	0.0503843563	-0.0555612909	-0.051325718	-0.0888106663	0.0542692839	0.0388425816	0.0435615167	-0.0621362262	0.1631283484	0.0540148147	-0.0755650422	-0.0239750208	0.1058801375	-0.0858657	0.0100962	0.00010193325444	0.00737291843649	0.0796043	0.0206	0.00633684457849	0.00042436	-0.0658314	0.0187249	0.00433377322596	0.00035062188001	0.00214232	-0.0004031899999999	1.6256217609999994e-07	4.5895349824e-06	0.00106487	8.009300000000005e-05	6.414888649000008e-09	1.1339481169e-06	-4.95642e-05	4.09208e-05	2.45660992164e-09	1.6745118726399996e-09	0.0
280.2210234354435	-0.3809965597709492	78523.82197520738	0.1451583785572985	309.2018966328868	-0.2948881967465695	95605.81288137444	0.0869590485804435	191.4738761707852	0.0673287846621519	0.0045331652440824	36662.24525586518	191.49755866607632	317.13739394010986	1.041778	21.244219	0.064261105	0.0401802	0.0082657676	-0.1218920382	0.0562398993	0.0873275303	-0.0208387876	0.0626817183	-0.0233000567	-0.1159151731	-0.0566104897	-0.0265894622	0.0255540278	0.0496586543	-0.0057868861	-0.0591457282	0.0404821594	0.0609297221	-0.1612297991	-0.153728233	-0.0186409571	-0.0045396075	0.0837253934	-0.027581834	-0.0523567381	-0.084865284	-0.0238482519	0.0731622542	-0.0437615065	0.0823975631	-0.070680653	0.1374035395	-0.0349719236	-0.0782293351	-0.0339906752	-0.0431123146	-0.0505326846	-0.06231414	0.0611773496	0.014336439	-0.0600780155	0.1406942609	-0.0285949553	-0.0268345416	0.0323098962	-0.0132060223	0.0408566871	0.2021868684	0.0153337483	-0.0859486635	0.0148530559	0.0689980285	-0.0490004828	0.0788821168	0.0099462918	0.0760890965	0.0751139814	0.1097340738	0.0862020114	-0.0828235064	-0.151894139	-0.0222980978	-0.1482227997	-0.0504206619	0.0407398385	0.0841558206	0.0635999376	0.1461335903	0.029649948	0.007809497	0.0781093037	-0.0178164783	-0.0505040179	-0.092262159	-0.0445955833	0.0568223404	-0.0622771362	0.058237041	-0.0047338094	0.1372921118	-0.1043805766	-0.0147209235	-0.0622081417	-0.0540369609	-0.0567687802	-0.0674887692	-0.0689375274	0.0313194516	-0.0750786495	-0.0230713751	0.1340321645	-0.0268779991	-0.0552245246	-0.0263245943	0.0256090359	0.0768110155	-0.1825491933	-0.0235678094	0.106403488	0.0452707448	0.0516262634	0.0389081928	0.0508241467	-0.052779097	0.0308742737	0.0884507989	0.0228886679	-0.1076849014	0.0300776408	-0.0012381085	-0.2232903414	-0.0541519941	0.02667833	-0.1172083138	0.0557202188	0.0739983155	0.1147391899	0.0617573977	0.0955265372	0.029954145	0.0195357292	3.4754e-06	-0.0395052886	-0.0914577434	0.0022301591	-0.1295816984	0.0522913031	0.0090794847	0.1245047223	0.0389290271	0.0476450958	0.0200338463	-0.0012848458	0.0508811905	0.0884166637	0.0828057711	-0.0320944773	0.0285716167	-0.0004939423	-0.0776238888	-0.0186974948	0.1019099918	-0.0863112	-0.0004455	1.984702500000013e-07	0.00744962324544	0.09769	0.0180856999999999	0.0095433360999999	0.0003270925444899	-0.0354632	0.0303681999999999	0.00125763855424	0.0009222275712399	0.00189924	-0.00024308	5.9087886400000056e-08	3.6071125776e-06	0.0010353	-2.957000000000003e-05	8.743849000000017e-10	1.0718460900000002e-06	-8.41483e-05	-3.45841e-05	7.080936392890001e-09	1.19605997281e-09	0.0
280.0876767495506	-0.1333466858928886	78449.10666696075	0.0177813386386167	308.9247459905324	-0.2771506423543997	95434.49868531496	0.0768124785574563	191.4648439123724	-0.0090322584127875	8.158169203537133e-05	36658.78645438913	191.48650906687823	315.48396942696064	1.162698	23.710051	0.065745135	0.0352269	-0.0142138101	0.1034928216	0.0880974753	0.0158044595	-0.0358707015	-0.0466982747	-0.1006152752	0.0537740957	-0.0741949972	0.0009382643	-0.0051072825	-0.1222673121	-0.0594133365	-0.0922852657	-0.0493106118	0.0909312821	-0.0551397287	0.0390413784	0.0991801528	0.0431232175	0.0855041745	0.0118078346	-0.0095754761	0.0576694834	0.0043234529	0.0720354927	0.0799375658	0.0058697124	-0.0263958352	3.15413e-05	-0.1336209732	-0.0275446898	-0.1903700096	0.036446636	0.0548296392	0.0009941593	-0.0467409056	-0.0359104195	-0.1253026931	0.0969218071	0.059850457	-0.0015163003	0.1224834898	0.1644546443	0.0923614666	-0.097272452	-0.0264252195	-0.043604382	0.0578450922	0.0658987323	0.0922109893	-0.1268945315	0.0527026334	0.1002655327	-0.0199597673	0.0362457217	0.029922359	0.032784461	-0.0136750975	-0.0484391627	0.1867592693	-0.1794010748	0.1446520821	-0.0453372315	0.0521438804	-0.0304051593	-0.092207273	-0.0315313	0.1074416084	0.0153398886	-0.0192940605	0.0374536472	0.0374984656	0.0845620269	0.0784584964	-0.0058757157	-0.0255259279	-0.0446358107	-0.0903819919	-0.0048675463	-0.2044285898	0.0464338214	0.0892200428	0.0013950239	0.048376182	0.1189544331	-0.173722747	0.0230731821	0.0044038973	0.0152334569	-0.1445157831	0.0776643686	-0.1223145333	-0.0622774015	0.0384152095	-0.0065375545	0.0236789943	0.0862070072	-0.1592137636	-0.0934584684	0.071412387	0.0395170432	-0.0227543556	0.0205170203	0.0595181629	-0.0336457132	-0.0352275235	-0.1801758163	0.0350456219	0.1252596334	-0.2001439772	-0.0830397845	0.0081669956	0.049033036	0.0552623026	-0.0891991468	-0.117764076	0.0290619444	0.0238192514	-0.0127477638	-0.1242224648	-0.1129042473	-0.0147136348	0.0464086383	0.0992063357	-0.0774093591	0.0449933622	0.0732267345	-0.0195599893	-0.0768941576	-0.0791666786	0.0756520433	0.0298969878	-0.0414189328	-0.0559198238	-0.0291783951	0.0105073347	-0.0796436494	-0.0133823145	0.0974781683	-0.075537	0.0107741999999999	0.0001160833856399	0.005705838369	0.0691858	-0.0285041999999999	0.00478667492164	0.0008124894176399	-0.0491752	-0.013712	0.00241820029504	0.000188018944	0.00199197	9.273000000000008e-05	8.598852900000012e-09	3.9679444809e-06	0.00113095	9.564999999999986e-05	9.148922499999972e-09	1.2790479024999998e-06	-0.000150863	-6.67147e-05	2.2759644769e-08	4.450851196089999e-09	0.0
279.85578394228594	-0.2318928072646713	78319.25980595143	0.05377427406109	308.6463878775716	-0.2783581129608024	95262.5927498724	0.0774832390510988	191.1251821607565	-0.3396617516158926	0.1153701055107763	36528.83525598236	191.18074616734927	316.06408631314025	1.093298	22.294827	0.0410486999999999	0.0216029	0.1023481801	0.1010825162	-0.0602777563	-0.0421652643	-0.0781447832	-0.0769973445	0.0778336429	0.132500733	-0.0045363241	0.0594009547	0.026984549	-0.0291361719	-0.0547780389	0.0614620197	-0.0032508881	0.0088308759	-0.0716646444	0.1670569121	0.0232984002	0.0444046758	-0.0362381508	0.1323232773	-0.0699208816	-0.0765887497	0.0253151132	0.0081423405	-0.0696098543	-0.0684480394	-0.0389079332	0.0706835862	-0.0480416182	0.1144166884	0.0031760631	0.0114599836	-0.0832506033	0.1394429942	0.0437250557	0.0002030561	0.0998161502	-0.0901977066	0.0055123862	-0.1000425819	-0.0456920358	0.0052829293	-0.068022029	0.0930346627	0.188608268	-0.036288487	-0.0822458251	-0.0631819634	-0.0194551505	-0.0757770615	-0.0848368452	0.0082635096	-0.0890943489	-0.0741665579	0.1080210835	0.0131660449	-0.1675484479	-0.018965703	0.0281593914	0.0577601443	0.0378091574	-0.0773600844	0.0163268117	-0.165984306	-0.0348157475	-0.0421973909	-0.0074512818	0.1539593238	-0.0603317307	-0.0499800809	-0.0100780086	-0.0096856324	-0.0766878433	-0.0726430218	-0.03651109	0.0169676481	-0.0603342518	0.1335263252	0.0245292711	0.012178389	-0.0155043192	0.1451873023	-0.0695744385	-0.0400382812	0.0535055209	-0.0499167156	-0.0610596952	0.0877974545	0.0417819535	0.0378223842	0.1074060373	0.0629788	-0.0797019638	0.1897389561	0.0210463012	-0.1167221294	0.008196971	-0.0547969527	-0.0242558806	-0.023300227	-0.0684935758	-0.0542108006	0.0164558711	-0.1051503263	-0.1680228911	0.0787064015	-0.0738886426	0.0812352567	-0.0704850801	-0.0148050023	-0.004294896	0.0611489536	-0.1262215562	-0.0436766121	-0.0043770035	0.0273113749	-0.0118759705	0.0765862078	-0.0662945278	-0.1521984222	0.003346885	-0.0106577682	-0.0749269871	0.0268211936	0.1059403473	0.066013168	0.0729190699	-0.0282000565	0.0271346027	0.0218562369	-0.0361660373	0.023920131	0.0001575845	-0.0425857093	-0.0516188471	-0.081623307	-0.008040184	0.0926047444	-0.081944	-0.0064069999999999	4.104964899999995e-05	0.006714819136	0.0696802	0.0004943999999999	0.00485533027204	2.4443135999999215e-07	-0.0642211	-0.0150459	0.00412434968521	0.00022637910681	0.00215318	0.00016121	2.5988664100000052e-08	4.636184112400001e-06	0.000951435	-0.0001795149999999	3.2225635224999955e-08	9.05228559225e-07	-0.00010956	4.1303e-05	1.20033936e-08	1.7059378089999992e-09	0.0
279.2801273263186	-0.5756566159673184	77997.38951940474	0.3313805395069447	308.26108558688287	-0.3853022906887418	95024.89688720352	0.1484578552099916	191.2213181832537	0.096136022497177	0.0092421348215777	36565.59252774114	191.26582425283843	312.1866359953776	1.202102	24.513603	0.0773294499999999	0.042389	0.1516421578	-0.1308651004	0.0782373215	-0.0211319037	-0.0568043888	0.0165832184	0.0795737889	-0.0938403876	-0.0851630358	0.1318065049	0.1110858578	-0.0216866666	-0.1546292852	0.0724961843	-0.0102214522	0.0507340678	-0.0717378516	-0.0915835108	-0.1563504853	-0.052692245	0.0125137202	0.0189816485	-0.1120425518	-0.1062362887	0.0079498828	0.1655036189	0.0422817357	0.0525406359	0.0996683666	-0.0213527659	-0.0021979516	0.1038115211	-0.0825271765	-0.1503299477	-0.09219516	-0.0622291596	-0.050588398	0.0169794654	-0.0806453377	0.0044088901	0.0671024236	-0.0432387551	0.102867837	-0.026017986	0.0248696373	-0.0236876299	-0.0269575456	-0.0001599255	-0.1449923877	0.0836831787	0.0397721887	-0.0002559934	-0.1664154199	-0.0307812235	-0.1832570613	0.0612545767	0.1231789193	0.0764611214	0.120254766	-0.070929754	0.029390384	0.0189645839	0.0995867667	-0.1125152802	-0.0337587237	0.0781307174	0.1645627499	0.0440013008	0.0199071478	0.0590671252	-0.1286595811	-0.1160881492	0.0523697318	0.1350928245	0.0208055871	0.0043165027	0.1189074427	0.0192745273	0.0456072912	0.1483519461	-0.0666224391	-0.1503774788	-0.0313906985	-0.0394996998	0.0169339148	0.048799306	-0.0447634587	0.0694597525	-0.0141097857	0.0731477716	-0.1088634318	-0.0688633743	-0.0349483319	-0.0476855167	0.0646251546	-0.0481325397	0.1399521086	-0.0893729468	-0.029188217	-0.0196263743	-0.0957244504	-0.0813173358	-0.0876905924	-0.1688885082	0.133886403	-0.0804279562	0.065445421	0.0782881615	0.0818813448	0.1214993848	-0.1025481573	0.0034594755	-0.0540806767	0.1062233012	0.0754088638	0.1038378326	0.1335834919	0.0263556342	0.0530989368	0.0681699621	-0.0565065019	-0.1716766008	0.0997095133	0.033161104	0.1312224779	-0.0355521833	0.0063802676	0.0620438654	-0.0151969519	-0.0422730544	0.0163936558	-0.0033710304	-0.0485561146	-0.0365414892	0.0720370573	-0.0079133092	0.0333360835	-0.0835618648	-0.0026818616	0.0873117978	-0.0915319	-0.0095878999999999	9.192782640999994e-05	0.00837808871761	0.0901997	0.0205194999999999	0.00813598588009	0.0004210498802499	-0.029085	0.0351361	0.000845937225	0.00123454552321	0.00215318	0.0	0.0	4.636184112400001e-06	0.00112059	0.000169155	2.861341402500001e-08	1.2557219481000002e-06	-0.000182124	-7.2564e-05	3.3169151376e-08	5.265534096e-09	0.0
279.1617787956684	-0.1183485306502234	77931.29874036169	0.0140063747070668	307.3085769181083	-0.9525086687745556	94438.56144743288	0.907272764090676	190.93539000216475	-0.2859281810889342	0.0817549247408263	36456.32315527876	190.94538816367304	309.7424921477837	1.288481	26.275059	0.0659229299999999	0.0389689	0.0991037359	0.0976570192	0.1695745388	-0.0462919104	-0.0682693457	-0.0924598208	-0.091207904	0.0218986951	-0.1367927325	0.1564571444	-0.0048778156	-0.0875943042	0.0029413563	-0.0497893725	-0.1063261989	0.0087067674	0.0896340859	-0.0104538589	0.0822143575	-0.0592578688	-0.0506156052	0.20511667	-0.0276594424	0.0915691678	0.1068169891	-0.0333387482	-0.0284057672	-0.0436278113	-0.0545984622	-0.1311610414	-0.1527901736	0.0397631134	0.1177337533	-0.0451463826	-0.1418980376	-0.0141290966	-0.0797733496	-0.0160446188	0.0002189536	-0.1378445066	-0.0169749284	0.0155572164	-0.192808513	0.0177634542	0.1311501782	0.009066323	-0.0079072215	-0.035418028	0.0421354273	-0.0782966158	-0.1380021126	0.0649654264	-0.0801514344	-0.057553837	-0.0500466233	-0.0184030046	-0.0491738473	0.0065163284	-0.1194969324	0.0865164435	-0.1208620495	-0.0827408769	0.1408131816	-0.0174241782	0.0519861175	0.021621335	-0.0766087642	0.0532453703	-0.0161427221	0.2100936833	0.0011408679	0.1270665909	0.1147153473	-0.0296953358	-0.0129824827	-0.0007027865	-0.0897137671	-0.1589948844	-0.0557548337	0.08307595	0.098545182	-0.0714341238	-0.1662445694	0.0360162294	0.059300872	0.0141462151	0.0534487564	0.0684752655	-0.0604917556	0.009764318	0.1763784773	0.0874563362	-0.1195638103	0.0797154444	-0.0613501831	-0.0296600914	-0.0832721531	0.0137460075	0.1576610202	0.0252690456	-0.0613749312	-0.0336839444	-0.0271727979	-0.0698743419	-0.0054892874	0.0093925808	-0.0472385714	0.045293178	-0.0878726348	-0.0883662334	-0.1113875926	-0.1513236988	0.116108861	0.0670107121	0.0463031651	-0.0889985014	-0.0982013393	0.0209826253	0.0768246271	0.068242775	-0.097904115	-0.0802204609	-0.0044797961	0.2088987941	-0.0625588672	0.0012998533	0.1338275158	0.1048903149	0.081131754	-0.1292075593	-0.0948835639	-0.1218575528	0.017242169	0.0375746134	-0.0800351071	0.0213485788	-0.0310347318	-0.0854583468	0.0026818616	0.081623307	-0.0880963	0.0034355999999999	1.180334735999998e-05	0.00776095807369	0.0586796	-0.0315200999999999	0.00344329545616	0.0009935167040099	-0.050446	-0.0213609999999999	0.002544798916	0.0004562923209999	0.00215318	0.0	0.0	4.636184112400001e-06	0.00122334	0.0001027499999999	1.0557562499999996e-08	1.4965607556e-06	-9.27494e-05	8.93746e-05	8.60245120036e-09	7.98781912516e-09	0.0
278.9784713505736	-0.1833074450947833	77828.98747710283	0.033601619427177	307.22601172701724	-0.0825651910910778	94387.82228168934	0.0068170107799062	190.823860018737	-0.1115299834277436	0.0124389372033927	36413.745552450535	190.8470651930357	308.2162677598692	1.150369	23.458641	0.03945966	0.0245911	0.2161064994	0.0573652898	0.0295000151	-0.092178422	-0.0217746922	0.0168761036	0.0890373817	0.1083568535	-0.0876783302	0.1759143987	0.0325049816	0.0367204456	0.029303939	0.0359313679	0.0104512139	-0.0073503123	-0.065439059	0.1349927725	-0.0392412814	-0.144470256	-0.0566222695	0.0286688817	-0.1602236334	-0.1440568883	0.047018919	-0.1208869996	-0.0140449949	0.0863095731	-0.0291054436	0.0391627655	-0.123582044	0.1193380718	0.0368994108	0.0263900217	0.0505045156	0.0642229814	0.0119201163	-0.0767311774	0.0577795426	-0.0863617992	0.144339622	-0.0798549442	0.0874186772	-0.060341808	0.0205835008	-0.0610554956	0.0408970705	0.0001796657	-0.0624892777	0.0886728966	-0.1798447762	0.038563582	0.115374374	-0.0537887352	-0.0774107697	-0.0826871351	0.0585825644	-0.074384381	0.0430125943	0.0931674527	-0.0200158304	-0.0961450366	-0.108144696	-0.0558542884	0.1100053861	-0.1356803785	0.0348236164	0.1387832647	-0.0546943175	0.072513941	-0.1657818577	-0.1046448073	0.0218045192	-0.1404358171	-0.0065811817	0.0979834097	-0.0095629799	-0.0391578222	-0.1218231844	0.1135787827	0.0547999724	0.0603805817	0.0554395142	0.0426488584	-0.0073239309	0.0272976443	0.0162774839	-0.046067811	-0.1476469687	0.1222174216	-0.0588955878	-0.0909135526	0.0130962412	-0.0043302501	0.0426647987	0.0030210241	0.0656960062	-0.0149029546	0.1806203905	-0.011903447	0.0850865715	0.1811151043	-0.026085199	-0.1038507638	-0.0459106991	-0.0590035631	0.004005068	-0.0051255057	0.0422345974	-0.1042367073	-0.0464562846	0.0887722247	0.1462768028	0.1119952676	-0.1191345769	-0.0086434782	0.04820593	0.1062813786	0.0366134063	0.0983590597	-0.0647819126	-0.2139852536	0.0443353263	0.000471308	-0.0794431623	-0.0210484425	0.0976986955	0.0503685526	-0.0598234261	-0.1144865075	-0.0034818298	0.0731954092	-0.0102297826	-0.0134044489	-0.0867351382	-0.0809719042	-0.0346538472	-0.0873117978	0.008040184	0.0755650422	-0.0855213999999999	0.0025749000000001	6.630110010000526e-06	0.0073139098579599	0.0824132	0.0237336	0.00679193553424	0.00056328376896	-0.0469378	0.0035081999999999	0.00220315706884	1.2307467239999972e-05	0.00222511	7.193e-05	5.1739249e-09	4.951114512100001e-06	0.00117871	-4.463000000000015e-05	1.991836900000013e-09	1.3893572640999998e-06	-1.64502e-05	7.629920000000001e-05	2.7060908004e-10	5.821567920640001e-09	0.0
279.07654815075387	0.0980768001802516	77883.71972774004	0.009619058733597	306.7366944424976	-0.4893172845196432	94087.39971751014	0.2394314049296774	191.01030072011363	0.1864407013766253	0.034760135129808	36484.93498118824	191.0365351080765	306.448104202076	1.110611	22.647882	0.0509196099999999	0.0278901	0.2085386472	-0.0825362219	0.097614539	-0.0154941379	0.0237581742	0.0199792668	0.0763530273	-0.070378293	-0.1665897627	0.1312448215	0.0351513847	0.0506530733	-0.0714545254	-0.0829073944	-0.0059088985	-0.0898105181	-0.0378094125	-0.046505544	-0.0884567352	-0.1239515579	-0.0491678558	0.0901788777	-0.0271644026	0.026826069	0.0699317598	0.0757467694	-0.01559821	0.0082019478	0.0977390987	0.0482609233	0.0748314869	0.091297977	0.0651735704	0.0718928272	-0.078052787	-0.0588809757	-0.1573426632	-0.0240919139	-0.0992518735	-0.0219361579	0.0616992442	-0.0663230672	0.0487959648	0.0903136944	-0.1578307022	-0.0138771315	-0.1120853442	-0.0416503406	-0.1025310136	-0.1795456478	0.0201735637	0.0803433371	-0.0749238579	-0.0205314456	0.044725973	-0.0316862786	-0.0297859436	0.0140351366	0.0969385861	-0.0502122203	-0.0957933835	0.0069848814	0.0254193098	-0.1199009522	0.0545126529	0.0455967655	0.0970715054	0.1169007975	-0.0385253742	0.0960374079	-0.0144061624	0.0417422066	0.0716188092	0.034822175	-0.0385256812	-0.0437946188	0.1146190934	0.0858179075	0.0871803476	0.081450746	0.0431633157	0.054146869	-0.1058421573	0.0155105062	0.1518098906	0.0718433409	-0.0773979122	0.0675584858	-0.0389040032	0.0751378875	-0.0488955701	0.0961402937	0.1354602924	-0.1041704662	0.0081654037	-0.0873062842	-0.0902641052	-0.1563214523	-0.0110905302	0.115204859	-0.0610988253	0.0045342759	-0.0934836545	0.0494707978	-0.0143917787	0.0325966639	0.1206433149	0.0698259408	0.0107068324	-0.013395655	-0.0328381974	0.0396461013	-0.0142029373	0.121146965	0.1203256295	0.0484578991	0.1082854688	-0.0673111018	-0.0459742393	0.0930309191	-0.099970913	-0.1542385151	0.0317952243	0.0622847015	0.1040996829	-0.0076566578	-0.0462733614	0.0698054683	0.033589008	-0.0953923372	0.0026145711	-0.2047891895	0.0340164862	0.0349649714	-0.0443024445	-0.0734050494	-0.0517873541	-0.0891212848	0.0133823145	0.0691644489	-0.0783911	0.0071302999999998	5.08411780899985e-05	0.00614516455921	0.0824210999999999	7.899999999894103e-06	0.0067932377252099	6.240999999832683e-11	-0.0227434	0.0241944	0.00051726224356	0.00058536899136	0.00228742	6.230999999999988e-05	3.882536099999985e-09	5.2322902564e-06	0.00136611	0.0001874	3.511876000000004e-08	1.8662565321e-06	0.00012558	0.0001420302	1.57703364e-08	2.0172577712040002e-08	0.0
280.00295030862486	0.9264021578709958	78401.65218153424	0.8582209581080373	308.3922776470613	1.6555832045636976	95105.79691234214	2.740955747233402	191.1811685240552	0.1708678039415758	0.0291958064238168	36550.2391982232	191.19188243622125	311.1212444096256	1.185711	24.179346	0.19642135	0.102454	0.0280451325	0.0109130721	0.1672344071	-0.0013445426	0.0288656478	-0.0417204881	-0.0894535416	-0.0303530435	-0.0726105195	0.0564769656	-0.0899148553	-0.0904614532	0.103362014	0.024641942	0.0783480723	-0.0761308218	0.0841678289	-0.0773353749	0.0831503083	-0.0827907417	0.0086699299	-0.0136233975	-0.050793522	0.0971355186	0.0397938369	0.076686181	0.0452748892	0.1855006329	-0.0147173657	-0.0967551789	0.0538767424	0.0476798364	-0.0063325331	-0.1441232416	-0.0078892667	-0.1249045285	0.0297131334	-0.1165912582	-0.0766234034	0.0178295851	-0.1890032022	0.0368941297	-0.0617112709	0.0386459293	0.0257453555	0.1022732106	-0.0961751512	0.0578188048	-0.0654233993	0.0734959208	-0.1082766732	0.001448914	-0.0558480764	0.0825970607	0.1322326999	-0.0607586084	-0.1386115648	0.1320825735	0.0749415437	0.1625230349	-0.0380122814	0.0095589505	-0.0720230695	-0.0314914979	-0.1532210564	0.0849963614	-0.0754699054	0.0721656476	0.0051755067	-0.0048923865	-0.0486698965	0.0858657899	0.0796006858	0.0878302931	0.0307458376	0.1762534128	0.0276626039	0.0047005172	0.0958679538	0.0702821551	0.0208093422	-0.1087834579	0.0073701451	-0.1560754636	-0.0553748186	0.1483373125	0.0896271103	0.0475767033	0.1276555564	-0.1028752375	0.0492909416	0.0797263295	0.0015177595	0.0823543056	0.0053241207	-0.1132154022	0.0781945643	-0.0222857785	0.0911310721	-0.0299721695	0.0664273089	-0.0625684078	-0.0706157204	0.121345599	0.0097998167	0.1890256049	-0.0184379313	0.0204532435	0.117053772	-0.1455473617	-0.0479981153	0.0161904392	-0.1842813826	-0.0021624643	0.0803290287	-0.0544308003	-0.0821765836	-0.0087738811	0.1617623446	-0.0093829505	-0.001960754	0.0211253082	0.0370905411	-0.0025388447	-0.0248775817	0.0523342679	0.1001968141	0.0611052417	-0.2033075251	-0.1328562486	-0.0654872499	-0.0383293292	-0.0539643035	-0.0970108685	-0.1107237018	-0.0672198557	0.0162091311	-0.0908858965	0.0186974948	0.0624505233	-0.0985058	-0.0201147	0.0004046011560899	0.00970339263364	0.0433568	-0.0390642999999999	0.00187981210624	0.0015260195344899	-0.105175	-0.0824316	0.011061780625	0.00679496867856	0.00249941	0.00021199	4.49397601e-08	6.2470503481000005e-06	0.0008347959999999	-0.0005313140000001	2.822945665961063e-07	6.96884361615833e-07	-0.000227331	-0.000352911	5.1679383561e-08	1.2454617392100002e-07	0.0
280.4629761516476	0.46002584302272	78659.48099183963	0.2116237762487642	309.1862326649608	0.7939550178995205	95596.12646955128	0.6303645704478279	191.31182301881367	0.1306544947584598	0.0170705970005884	36600.213626781886	191.31959253271896	316.76177580708503	1.15904	23.635469	0.03113245	0.0157963	-0.0331349934	0.1350846425	0.0387132811	-0.0189171007	0.0143948997	0.1190357831	-0.0915052185	0.1221767885	-0.0085153465	-0.0510620163	0.0705807287	0.0642904917	0.0173283832	0.0538302434	-0.0457320174	-0.0073467262	0.0548812131	0.0459470211	0.0850014572	-0.0252743119	0.0324218759	-0.09288932	0.0075277311	-0.0149928324	-0.0950499729	0.0909303644	0.0359457442	-0.0003048221	0.094441478	0.0124531036	-0.0658022813	0.0593076029	-0.1416847296	0.0127487312	-0.0076307417	0.0527309739	-0.0682754372	0.0643885389	-0.1061404506	-0.0651018488	-0.0795275562	0.0654455275	-0.118727088	-0.0196054608	-0.0498485969	-0.0588335101	0.015847567	0.1291358472	-0.0815493341	-0.027614823	-0.0213016181	-0.0039835065	0.1758470587	-0.0800251182	-0.0033902885	0.1579444792	-0.1167212322	0.0175627505	-0.0122328283	0.0489901684	0.004889396	0.045711139	0.0109018399	0.1156745538	0.1465288784	-0.0376313039	-0.0936288404	0.028405323	0.020333953	-0.0919063478	-0.0101745753	-0.0323164392	-0.0346371076	0.1141085198	0.0468680035	-0.0495311067	0.0967864025	-0.0394857449	-0.0307716239	0.0845327046	-0.1421131792	0.0246348368	0.0110699111	0.0414290685	0.0408774465	-0.0167798463	0.0186734592	0.1350107671	0.0273443257	-0.0935899096	0.1298947844	0.0055043026	0.0178086045	0.0219139058	0.1308867498	0.0238750345	-0.029082037	-0.0812556331	0.0335757138	0.0430330224	0.0614740538	0.042266996	0.2556419282	-0.0376624309	0.0349533106	0.0849078885	0.0291181295	-0.0255949535	0.0667860547	0.0002426322	0.1022789863	-0.0734568166	0.1210956287	-0.0010983615	-0.0424057717	-0.0408700325	-0.0095994427	0.1832251525	-0.0113404743	-0.0717420362	0.0156930736	-0.0236795641	0.065570155	0.0121944648	0.0180110536	0.0107201036	-0.0373498817	0.0076225315	0.0574190377	-0.1104458822	-0.1524501001	0.1384005844	0.09316492	-0.0048712404	-0.0074833187	-0.1333862732	0.0190352057	-0.0926047444	0.0239750208	0.0554536812	-0.0925003	0.0060055	3.606603025000013e-05	0.0085563055000899	0.0554327	0.0120759	0.00307278422929	0.00014582736081	-0.106698	-0.0015229999999999	0.011384463204	2.3195289999999896e-06	0.00263647	0.00013706	1.878544360000001e-08	6.950974060900001e-06	0.000860934	2.6138000000100054e-05	6.831950440052307e-10	7.412073523560001e-07	-0.000159968	6.7363e-05	2.5589761024e-08	4.537773769e-09	0.0
280.5252744686284	0.0622983169808435	78694.42961569931	0.0038810802986456	310.19601384083177	1.0097811758709554	96221.56700274147	1.0196580231433294	191.4494550967493	0.1376320779356206	0.0189425888768767	36652.89385684222	191.47975053714904	321.1361638093461	1.101696	22.466091	0.0665175	0.0353735	-0.0043338065	0.0210397193	-0.114727724	-0.0201668545	-0.0477749137	0.0043052728	0.0932238454	0.0423333326	0.0486944411	-0.0850371569	0.0609820284	0.0462473077	-0.0861838862	0.0734362288	0.0119192819	-0.0366415698	0.0626918064	0.0541952358	-0.0152643227	0.0617593005	0.0755228641	-0.0932675711	-0.0636685178	-0.0292004914	-0.0265080422	-0.07218962	-0.1192302782	0.0840700314	0.0898721732	-0.0145493451	0.1188055594	0.1139824505	0.0990956673	0.0637878638	0.0099071044	0.040692622	-0.1952151789	0.0491399178	0.0291159992	-0.0029543595	-0.0033623258	0.0702913002	-0.1037710438	-0.0238533705	-0.0184760087	0.2566823463	0.0185151123	0.1125883856	-0.0330146437	0.0237521922	0.019089807	-0.1306514714	-0.0401803908	0.1007161995	0.0207025656	-0.0027217547	0.1423659565	-0.1404916705	0.0133246561	-0.0391038175	-0.1163668895	-0.046939322	-0.0145842576	0.0451070477	-0.0108804514	-0.0584545678	0.0143895659	-0.0638997166	0.0600621615	-0.1000403981	-0.0691302682	-0.0282942727	-0.0545773801	-0.0574054627	-0.1191915808	0.073882938	0.1091146001	0.0097991412	0.1082392124	0.0764032508	0.1208013469	0.0591727698	-0.0047030014	0.0696821838	0.200642585	-0.0267989878	0.0137645413	-0.0137728412	-0.0014600585	-0.1216277153	0.0757829272	-0.0509621194	0.1228963044	0.2375827263	-0.0199581915	-0.0145322558	0.0632217149	-0.0566004732	-0.081503616	-0.1009133727	0.0380127032	-0.0519989585	-0.0425506561	0.0422677638	-0.0019049495	-0.1941930551	0.0531311955	0.0181323584	-0.0934668583	-0.065707572	0.0351081427	-0.0203926448	-0.0173672495	0.0076046009	-0.0271120371	0.0263591014	0.0730217319	0.0124039008	-0.1224414369	0.1046968311	-0.0228954213	0.0119234668	0.0681716262	0.0047875686	-0.0678973868	0.0521681615	0.1266744694	0.0254557768	0.0939985175	0.0300199408	0.0007675171	0.0088907891	-0.0432474128	-0.0542345579	-0.0702395253	-0.1042118233	0.0438208888	-0.094276963	0.0292042644	0.0482056202	-0.10496	-0.0124597	0.00015524412409	0.0110166016	0.0823263	0.0268936	0.00677761967169	0.00072326572096	-0.0921726	0.0145254	0.0084957881907599	0.00021098724516	0.00256291	-7.356000000000029e-05	5.411073600000043e-09	6.568507668099999e-06	0.000698803	-0.000162131	2.628646116100001e-08	4.88325632809e-07	-0.000177053	-1.708499999999999e-05	3.1347764809e-08	2.9189722499999963e-10	0.0
280.1008183461398	-0.424456122488607	78456.46843817721	0.1801629999180633	309.21670487762646	-0.9793089632053124	95614.97057537714	0.959046045414264	191.166791876882	-0.2826632198672882	0.0798984958657429	36544.74231649912	191.18148366859907	319.65490753522056	1.117297	22.784222	0.0607018	0.0340677	0.0024358285	-0.0497902082	0.0324158071	0.0881849984	-0.0390549291	-0.1621681198	0.0067263008	-0.0709136006	-0.0483486687	0.0022573552	-0.0289201003	-0.1118940925	-0.1176462598	0.0365416906	0.0532898182	-0.1266790426	0.0267296331	-0.0805176152	0.0346494898	-0.0140140464	0.0422699271	-0.1143154032	-0.0089627477	-0.0966716024	0.0595518778	-0.026884494	-0.1162689653	0.0864387719	-0.0727486001	-0.0088112702	0.0373612371	-0.148651011	-0.1075908287	0.1019055687	-0.1390242243	0.0119181927	0.1130850284	-0.1139952428	-0.1225672514	-0.1417390573	0.0558388923	0.0337945318	-0.0490109631	-0.0546663235	-0.1152854026	-0.0727462309	0.0398496571	0.0652356057	-0.0626755607	-0.0750082185	0.0184845893	0.0203752069	0.0298801083	-0.0883206302	0.0353489066	0.0342261488	0.0659186439	-0.0693859321	-0.0036083335	-0.1821540239	-0.0047254885	0.049246938	0.1107114844	-0.1200182739	-0.1123987965	0.0817368963	-0.0231852632	0.0186462237	0.0400103346	-0.0877799304	-0.0333716743	-0.107461966	0.0377247935	-0.0385481606	-0.138845564	0.1147865072	-0.0527673725	0.009232261	0.0176791671	-0.1140681629	-0.1291555547	0.0737348272	-0.1302418432	0.0204454082	-0.1735306964	0.1182921386	-0.0003596355	0.0927364732	-0.119376174	-0.0169032069	0.1112614847	-0.0625470015	0.0899011	-0.0555810826	0.1039440783	0.0500356658	-0.0458225134	-0.0845780569	-0.0145445312	0.066983673	-0.0748359706	0.0539732821	0.0469733937	0.029490408	-0.0099718277	-0.0778198778	0.072477574	0.0619531804	-0.0837488078	0.1651751891	-0.0742207755	-0.0224666693	-0.1052768321	0.0242218934	0.0564816089	-0.0290284381	0.0349772548	-0.0770072896	0.1168517359	0.0402981082	-0.0971741433	-0.0337018569	-0.0202635937	-0.1825385798	-0.0303808312	0.0824067139	0.0615216085	-0.1442935711	-0.0838962348	-0.0025669258	-0.1393989323	-0.0069752274	-0.0287107237	-0.0461824747	-0.0169816508	-0.0522301682	0.050984308	-0.0959017104	0.0343746944	0.0407391756	-0.0834777	0.0214822999999999	0.0004614892132899	0.00696852639729	0.0823200999999999	-6.200000000108896e-06	0.0067765988640099	3.8440000001350306e-11	-0.0960968	-0.0039242	0.00923459497024	1.5399345640000023e-05	0.00281046	0.00024755	6.128100250000001e-08	7.8986854116e-06	0.000840245	0.0001414419999999	2.0005839363999997e-08	7.06011660025e-07	0.000139737	0.0003167899999999	1.9526429169e-08	1.0035590409999997e-07	0.0
279.9436813746269	-0.157136971512898	78368.46474157865	0.0246920278162453	308.5054458176592	-0.711259059967233	95175.61009915268	0.5058894503854721	191.03548711436173	-0.1313047625202728	0.0172409406605052	36494.55733702147	191.03532195995328	315.9036171494254	1.110196	22.639416	0.071209025	0.0482694	-0.02668013	0.095176263	0.086377238	0.0135045089	0.0443160949	0.0730352837	-0.1092317314	0.0526913227	-0.0503294977	0.0382545878	0.0234350724	0.0367968446	0.0092393368	0.0730892357	-0.0420551238	0.0332861233	0.1397196027	0.0006670756	0.1166524108	-0.0349791562	0.0443748158	-0.0167263356	-0.0484303127	-0.0468533081	0.0794207694	-0.0211811219	0.1387497347	-0.2166028014	-0.0738088306	-0.1137571562	-0.0701464674	-0.0338903683	0.0569195086	0.099235292	0.1106213335	-0.0258697822	-0.003084263	0.0883491021	-0.0561771015	0.1549786423	-0.0317304284	0.11069863	-0.0702024007	-0.1358656613	-0.1493916404	-0.0430592069	-0.05304588	-0.0600007265	-0.0245261193	-0.2661173825	0.0247868283	0.0377243632	-0.0881005057	0.017101538	0.0033685075	0.0696609766	0.0692828079	-0.0366181551	-0.0593226543	0.0219357486	0.1007226073	0.0883513021	-0.0557313415	0.053849183	-0.0342861967	0.0114536968	-0.1187325694	0.0426122331	0.0442498579	-0.0080071055	-0.0640468692	-0.0411360695	0.0691996249	-0.0260400379	0.1224156443	-0.1725438352	-0.173551147	-0.1117562993	0.00243402	-0.0569177424	0.0527506438	0.0920739071	0.0270726377	-0.0450270439	0.0660345833	-0.085060559	-0.0955867041	-0.0161818878	0.1638912367	-0.0937521891	0.1054056316	-0.0962618593	0.0620684599	-0.1557007766	-0.0713157875	-0.0124241792	-0.1843184274	-0.1231237104	-0.0059232501	0.1505274572	-0.0177953217	-0.1039036713	0.0093049654	0.033576455	0.0035600795	-0.1166488099	-0.0798805581	-0.0247371546	0.0646821841	0.0570154984	0.0571437088	0.0566053957	-0.045793332	-0.0162198978	0.0046881076	-0.0804607948	0.032828849	0.1673019768	0.0095171246	-0.0737005181	-0.0717226612	0.0405023881	-0.0699180181	-0.0269901986	0.0092383777	0.0348352955	-0.1020521586	-0.1004438361	-0.0032150069	-0.0705912452	-0.0233528264	0.0515211926	-0.0281171482	-0.1160895705	-0.0400903903	-0.1575889597	0.0735113018	-0.0974781683	0.0394758984	0.0330881723	-0.085492	-0.0020142999999999	4.057404489999987e-06	0.007308882064	0.0765213	-0.0057987999999998	0.00585550935369	3.362608143999879e-05	-0.139214	-0.0431172	0.019380537796	0.00185909293584	0.00303362	0.00022316	4.980038560000001e-08	9.2028503044e-06	0.000859301	1.9056000000000043e-05	3.6313113600000155e-10	7.38398208601e-07	-2.36215e-05	-0.0001633584999999	5.579752622500001e-10	2.6685999522249997e-08	0.0
280.86353879259656	0.919857417969638	78884.32742310039	0.8461376693937692	309.6022383346435	1.0967925169842945	95853.5459818214	1.2029538253127434	191.14313404173927	0.1076469273775444	0.0115878609738263	36535.69769129831	191.1715495935112	321.6863425033786	1.115173	22.740913	0.0588306649999999	0.0323698	-0.0897958614	0.1002583594	-0.1229151199	-0.0754464745	0.0578449128	0.0979305008	0.0425649125	0.1367435054	0.0974468141	-0.0764438407	0.0651827141	0.1597665338	-0.0104721413	-0.0006855116	0.0256235396	-0.0813859914	0.0638344212	0.0986784031	0.0461588263	-0.0458170883	-0.0738867168	0.0198884213	-0.081263184	0.0955589437	-0.1268148643	-0.1336705349	0.009182605	-0.0763995177	0.1501989215	0.0239551584	-0.0047125833	-0.038805248	0.0830393841	0.0097726509	-0.0295807262	-0.047180264	-0.0019570393	0.0442476317	-0.0248905955	0.0327412939	0.0163877808	0.0841102153	-0.0361877727	0.0239103102	-0.0648320648	0.1667964688	0.0430338918	0.1491336995	-0.0405276758	-0.0910713012	0.0960019931	0.0015023066	0.0562849968	0.058005023	0.0027597482	-0.0423966192	-0.05468715	0.0052813673	0.0299234037	0.0097936779	-0.1753140822	-0.0927098005	0.0962218577	0.0242103615	-0.0068946621	-0.0939299505	-0.0509506622	0.0451072767	-0.0889488899	-0.0053424394	-0.0485648174	0.1288693343	-0.1437667976	-0.1099025444	0.0338629775	-0.0818132915	0.1221083429	-0.0461624096	-0.0065956666	-0.0470593087	0.0725212231	-0.0171076217	-0.064796096	-0.0388776576	0.0420983717	-0.0147297838	-0.0747987549	0.003026672	0.0013010115	-0.1153841203	0.0042023458	-0.0140525587	0.123592018	0.1531852795	0.0129103354	0.0325540787	-0.0373622383	-0.10518182	-0.144721458	0.0121326546	0.0178243301	0.0108811662	-0.0258893764	-0.0081053738	0.0027932686	0.0838986597	0.0899078489	0.0320351014	-0.098399424	-0.0967141972	-0.054624019	-0.1360373496	0.0284616568	-0.0676927719	-0.0829098476	-0.0354591352	0.0681844191	0.1110102656	-0.2174744292	0.0144601577	-0.0437990213	0.0896376332	-0.1815611088	-0.0863950378	0.0569018466	0.1025908406	0.0113149192	-0.153628763	0.1432156764	-0.018317103	0.0251729211	-0.0874749626	0.051052649	0.0026487172	0.0114609233	-0.1323015375	0.0423620858	-0.0990055431	0.0444976032	0.0252872714	-0.0855415	-4.950000000000787e-05	2.450250000000779e-09	0.00731734822225	0.101515	0.0249936999999999	0.0103052952249999	0.0006246850396899	-0.157579	-0.0183649999999999	0.024831141241	0.0003372732249999	0.00311724	8.361999999999996e-05	6.992304399999993e-09	9.7171852176e-06	0.000698803	-0.000160498	2.5759608004000005e-08	4.88325632809e-07	-8.79528e-05	-6.43313e-05	7.73569502784e-09	4.13851615969e-09	0.0
281.08515915023656	0.2216203576400062	79008.86669451382	0.0491155829204842	310.8001166677935	1.1978783331499585	96596.71252071403	1.434912501030123	191.264464671998	0.1213306302587398	0.014721121838983	36582.09544626598	191.2642563709329	324.5207455267055	1.181207	24.087509	0.05477476	0.0333858	-0.0922387437	-0.0483320191	-0.1353485837	0.0493580419	0.0005357687	-0.0835158958	0.1005505188	-0.0673326932	0.0895351517	-0.1253740694	-0.0810615509	-0.0576292289	-0.0752998831	-0.1247644697	0.0681274751	0.0690484427	0.0533370451	-0.020473417	-0.07978861	-0.0448829299	-0.0350953232	-0.0534358704	0.0102909287	0.2393081445	0.0421241382	-0.0752912331	-0.0220418081	-0.0889200342	0.0061037429	-0.1231911674	0.0489665376	-0.0528071631	-0.1609196654	0.0629661752	0.0270432064	-0.0792877633	-0.1150579966	-0.1148635141	0.0618216245	0.0228155291	0.1565415618	-0.0011044671	0.0569649839	0.0499447197	-0.0896796585	-0.0939163291	0.2292242339	-0.116571883	0.1143023247	0.0774111095	-0.0439821023	-0.0563167296	-0.0553438878	0.0133602685	-0.0149040728	0.0241448839	-0.0533811868	0.0847540614	0.0147480303	0.0654475454	-0.0926403262	0.0076072051	0.015779875	-0.0599170753	-0.0987677531	0.0160687145	0.085971515	0.0450309958	-0.0434217191	-0.0903253681	0.0202077049	0.2351653721	0.0351582	-0.0498041933	-0.0196013819	-0.0577801661	-0.0634731896	-0.074837655	0.1334357966	-0.0410313638	-0.1435400167	0.0469492218	0.0084942237	-0.0621010254	0.1270167236	0.0982728662	-0.0835034456	-0.1120692617	-0.1315215154	0.0736384095	-0.0088244514	-0.0094712766	-0.0202431188	-0.1418163652	0.0044441857	0.2295860026	0.0329400227	0.1136835123	0.0824994931	-0.097191274	-0.0646296079	-0.0777154869	-0.0092750378	-0.006716114	0.0520409214	0.0648842687	0.0292914951	0.0995617794	-0.0319911304	-0.1225608966	-0.0519755396	0.0443163283	0.0123602541	-0.0392752674	0.0475312449	-0.034708028	0.0050427715	-0.1589026566	-0.0649730548	0.0731114738	-0.0640658079	0.2007690221	-0.1234669305	-0.0053934153	0.1233685547	-0.0252592464	0.0481791832	-0.1627231878	-0.0403430139	0.036749479	-0.015763093	0.0113645452	-0.0869898342	0.0154446363	-0.1107749772	0.0167551423	0.0881161516	-0.1004830656	0.0494296957	0.0173718128	-0.0854995	4.200000000000037e-05	1.7640000000000311e-09	0.00731016450025	0.0741538999999999	-0.0273611	0.0054988008852099	0.00074862979321	-0.155631	0.001948	0.0242210081609999	3.7947040000000207e-06	0.00311724	0.0	0.0	9.7171852176e-06	0.000974098	0.0002752949999999	7.578733702499997e-08	9.48866913604e-07	-0.000321131	-0.0002331782	1.03125119161e-07	5.437207295524e-08	0.0
280.31882199113664	-0.7663371590999191	78578.64196249856	0.5872726414173347	309.2987702927789	-1.5013463750145777	95665.7293046252	2.254040937769412	190.9977343523944	-0.2667303196036243	0.0711450633958516	36480.13452774782	191.0087933938139	320.64072774017643	1.18846	24.235415	0.0440017999999999	0.0240366	-0.0429951418	0.062539735	0.0258743663	0.0577942974	0.0987003457	-0.1863934109	-0.0626994021	-0.0077425593	0.0209404093	0.0552162399	-0.0899192856	-0.0201747279	0.1043461124	-0.048755381	-0.0039824677	0.1636368092	0.1158400208	0.015674903	0.0432480076	-0.041533192	-0.0778578293	0.1653982678	0.032856788	0.0794814746	-0.0002714516	-0.1876977423	-0.1210131054	-0.1263756342	0.0994091922	-0.067229273	-0.0016735565	-0.0657120739	-0.0381853959	0.021547762	-0.062155402	-0.0016269846	0.0584469325	-0.0496246297	-0.1054948407	0.1209601288	-0.0288928662	-0.0447917962	0.2079015884	0.0002590819	0.0718021806	-0.0104626528	0.0830814445	0.0548607296	-0.0465418713	0.1420430266	0.0712608029	0.2041636861	-0.0898185891	0.1167325544	0.0322245887	-0.0467161088	0.0343428448	0.0488469885	0.0780557709	0.1147513033	-8.9069e-06	0.0062311836	-0.0213603305	-0.0747345353	0.0163724719	-0.0145833726	-0.0359053577	0.0417062418	-0.0613571341	0.1450079352	0.0622704224	0.1193870435	-0.0613079373	-0.1611269401	-0.1200202649	-0.1071345398	0.016149726	-0.1371002392	0.032338035	-0.0797677297	-0.0260709338	0.0119223062	-0.0339857689	0.0131086355	-0.085239584	0.137215293	-0.0340815731	0.0016881247	0.1038762074	0.0030149647	-0.2526613989	-0.0899643303	-0.0877193935	0.0263002813	0.0645816821	0.0589582902	0.1590415704	0.0141932255	-0.0156858819	0.1528491342	0.0225264656	-0.0822389424	-0.1248770833	0.0270417384	-0.0023711489	0.0448728318	0.0077061947	0.0683579697	0.0748897032	-0.0815330196	-0.036922125	0.0534306649	0.0124072363	-0.0441628035	-0.0353928832	-0.0827113351	-0.0223885883	0.0429512997	0.0954747495	0.0287333909	-0.0517804763	0.153834452	-0.1403921801	0.1508611365	-0.1037364197	0.0809604767	0.0490001584	-0.1337006133	0.1544792239	-0.0476272732	0.046134027	-0.0548883236	-0.0606455671	-0.0971341579	-0.0307731968	0.0717626202	0.00083449	-0.1019099918	0.0542622434	0.0093776556	-0.0892614999999999	-0.0037619999999998	1.4152643999999176e-05	0.0079676153822499	0.0619313	-0.0122225999999998	0.00383548591969	0.0001493919507599	-0.164024	-0.008393	0.026903872576	7.04424490000002e-05	0.00341523	0.00029799	8.87980401000001e-08	1.16637959529e-05	0.00105148	7.738200000000008e-05	5.987973924000012e-09	1.1056101904e-06	-0.000304019	1.7112000000000008e-05	9.2427552361e-08	2.928205440000003e-10	0.0
279.9423625753179	-0.3764594158187719	78367.72636425073	0.141721691758611	308.5098627004593	-0.7889075923196174	95178.33538345624	0.6223751892195356	191.0924697610276	0.0947354086331984	0.008974797648899	36516.33199936924	191.11272764567565	315.35982278824986	1.117964	22.797834	0.0765582	0.0425169	0.0694879579	0.0453873512	-0.0735670131	-0.0329674967	0.1832811925	0.0225382588	0.0554726582	0.0683933649	0.0421877784	0.0777519658	0.0104067418	0.08734007	0.0601359761	-0.0802381242	0.0742487738	0.0776662606	-0.0088791109	0.1245610958	-0.0258816934	-0.0552676828	0.0159756686	-0.1215949287	-0.0223665503	-0.0338342254	0.062134332	-0.0327833269	-0.042685092	0.0102502747	-0.0535849205	-0.0492340479	0.036242814	0.1290201093	0.0004492615	0.1312991865	0.0653831512	-0.027080755	0.0183861277	0.0382395405	-0.0093141816	0.0063240353	0.0136352683	0.1226365758	-0.0225125048	-0.0165763902	0.1352761417	-0.0505380191	-0.1784319687	0.1550643324	0.0032199371	-0.1402744094	0.1073825978	0.0478696952	-0.0655177594	-0.078830553	0.131057373	-0.0191180267	-0.0231561435	0.1301951557	-0.0340401351	0.0416452793	0.0380498841	0.0147229728	0.0371111481	-0.0738586922	0.1723556997	-0.1213022379	0.0119666746	0.0518749489	-0.0099389475	-0.119423569	-0.0496062018	-0.0381560795	0.0569895638	-0.0282107592	-0.0418095667	0.0291061948	-0.051862208	-0.0184953321	0.0555202344	0.0944917452	0.0575009362	0.1530706711	0.034967075	-0.0251695983	0.0093327954	-0.0712916041	-0.0170645781	0.0063852118	-0.018882258	-0.1008182743	0.0243923195	-0.0462489988	-0.1288385315	0.0319494177	0.0823774348	-0.1850754093	-0.1355563351	-0.0619860388	-0.0893940368	0.0855894498	-0.1297815143	-0.0408224555	0.0203487936	0.1104903798	0.0484488212	0.1350104001	-0.0935581939	0.0519341506	0.0563119936	0.0296689565	-0.0480302176	-0.0303298613	0.1136653437	-0.011206927	-0.0967869848	-0.0302148301	0.0877930797	0.0905443439	-0.0828888806	0.0972796305	-0.0064223878	0.0991765834	0.0015871506	-0.0046931667	-0.0054587331	-0.0064601722	0.0333544806	-0.180427262	-0.0389379649	-0.0191869309	0.0549176137	-0.0271496977	-0.08899451	-0.0143911171	-0.0849766551	-0.2535032614	-0.0912292185	-0.1032856033	0.0589855141	0.0013410152	-0.102323	-0.0130615000000001	0.00017060278225	0.010469996329	0.0650257	0.0030944	0.00422834166049	9.575311360000026e-06	-0.131317	0.032707	0.0172441544889999	0.001069747849	0.00319876	-0.0002164699999999	4.6859260899999936e-08	1.02320655376e-05	0.0008039959999999	-0.0002474840000001	6.124833025604951e-08	6.464095680158392e-07	-0.000393971	-8.995200000000002e-05	1.5521314884100004e-07	8.091362304000005e-09	0.0
280.2576070779176	0.3152445025997394	78544.32632504046	0.0993790964193571	308.48853907477815	-0.0213236256811342	95165.17874049093	0.0004546970121891	191.088059376326	-0.0044103847016003	1.9451493216110657e-05	36514.646436210285	191.11498275376607	315.44204217156647	1.128328	23.009169	0.0757093999999999	0.0449186	0.0451000618	-0.1386592623	-0.0652409606	-0.0245533722	0.1116494999	0.060089104	0.1188395355	-0.0918050209	0.0016035146	0.062901011	-0.0018809486	0.1187138675	0.0751124415	-0.1301010205	0.1101148142	-0.0523020555	0.0060456503	-0.0472340522	-0.1819930065	-0.0406402536	-0.0933237101	-0.0785984872	0.1025469791	-0.0368960845	0.0919779298	-0.1569291671	0.0785017195	-0.1037067048	-0.0971830255	0.1809750303	0.1473584192	-0.0703579626	0.0450259399	-0.0611152783	0.0940510737	0.0328893694	0.0569879125	-0.0971286365	-0.0450766971	0.0415339017	0.0321875567	0.0207750728	-0.0615780445	-0.0942172439	-0.1706311455	0.0179154818	-0.1433635845	0.0013403453	0.0698870712	-0.0251010069	-0.0980453332	0.1158787888	-0.0103769944	0.0541888357	-0.0515825269	0.0798676945	0.1179378043	-0.0073800493	-0.1296567299	0.1367564494	0.0545296984	-0.1495756027	0.1467217856	-0.0049979024	-0.0322036304	0.0305422093	0.1844797696	0.0329460721	-0.1121547492	-0.0835854528	0.0932580738	-0.0491029318	0.0350590234	-0.1806361672	0.0406089986	-0.1122365377	-0.0890484787	0.2043023398	0.0325347701	-0.0782399713	0.0454085742	-0.0165698346	0.0990911511	-0.0023360819	-0.0668522907	0.0898565056	0.0024713188	-0.0197899065	0.0355520944	-0.0108713282	0.0943399485	-0.0798356839	0.1492108536	-0.062740649	-0.0467932553	-0.1132116552	-0.066695586	0.0839491706	0.0880042099	0.1662446817	0.0945270602	-0.0347165184	-0.0480936954	-0.0260856339	0.1206380944	-0.0977004147	-0.1042232562	-0.121447384	-0.0363513219	-0.0604146078	-0.1702078771	-0.1093620276	0.0302244774	-0.0126484386	0.02802931	0.0936968147	0.1022635747	-0.1031292378	-0.113024393	0.0397140716	0.04184465	-0.016657253	-0.1098218852	-0.0343396011	0.0232097312	0.0931767377	-0.0822765302	0.0428086291	0.080809839	-0.3005654309	0.0318709149	0.0323036111	0.0211696857	-0.1311923593	-0.140021943	0.0364324068	0.0248004536	-0.1046092073	0.0635899959	-0.0067017003	-0.0855303	0.0167926999999999	0.0002819947732899	0.00731543221809	0.0651922	0.0001664999999999	0.00425002294084	2.7722249999999995e-08	-0.120266	0.0110509999999999	0.0144639107559999	0.0001221246009999	0.00253076	-0.000668	4.462240000000003e-07	6.4047461776e-06	0.000845385	4.138900000010004e-05	1.7130493210082811e-09	7.146757982250001e-07	-0.000149376	0.000244595	2.2313189376e-08	5.982671402500001e-08	0.0
280.8838849582463	0.6262778803287006	78895.75682923735	0.3922239833890102	309.48227610848727	0.9937370337091238	95779.27922528997	0.9875132921650084	191.36163275040204	0.2735733740760508	0.0748423910033548	36619.27448889974	191.36698457505048	319.4223439488527	1.174154	23.943678	0.140437	0.0682163	-0.053078868	-0.0807305896	0.0131227163	0.111921454	-0.0123860416	0.0636593002	-0.0461274488	-0.1085627124	-0.0427895359	-0.0252173315	-0.0508442211	-0.0100845327	0.172804084	0.014998667	0.127120169	-0.0191547196	-0.1230406183	-0.1238814644	0.0167123714	-0.0427741115	0.0825766934	-0.0433147544	-0.0100343936	-0.0044587484	-0.0814212552	-0.1055036932	0.0977646716	-0.1297182133	0.0694919011	0.1091325537	0.0152872061	-0.1643541209	-0.1693720892	0.0377692465	0.0454855674	0.1220601232	-0.1049943536	0.002097143	0.0970838771	0.1050990158	-0.0021394631	-0.0131733942	-0.0650877213	0.0220270933	-0.0039652071	-0.1510729569	0.0169582562	0.0254528149	-0.1134217295	-0.003855542	-0.0098321756	0.0103749743	0.034549797	-0.0531977151	0.0369730542	-0.1307557826	0.0438134395	0.0003283686	-0.0550802392	-0.0237585543	0.1009385351	-0.1137731823	-0.0177173704	-0.0409732594	0.0472912232	0.1274962633	-0.0049658351	0.053453527	0.071768532	-0.0623377241	-0.0294886393	-0.0009371707	-0.0791190095	-0.0890088209	0.0858655444	-0.16147915	0.0255474805	0.0376613578	-0.0330560293	-0.1379554195	-0.2196981444	0.0055589079	0.053260031	0.1297893113	0.0939183582	-0.0191218202	0.0351970971	-0.1219590604	0.0652675232	0.0499473738	0.0614995808	-0.0275720716	-0.038141772	-0.0403845227	0.1586869051	0.0091821234	0.033924016	-0.0791279588	0.0177989243	0.0076136974	-0.0186948957	0.126724456	-0.0816877176	0.0659986243	-0.0184833982	-0.0035588853	-0.0755963443	-0.099041012	-0.0259090179	0.0607297439	-0.0685519492	0.0695487055	0.0837989409	0.0226362914	0.033125531	-0.0022838092	0.0269103947	-0.0092632473	0.1340872526	-0.0343094819	0.1970752094	0.0385285171	-0.198459234	-0.0577040142	0.102178389	-0.0138050121	-0.007600562	0.0079389446	-0.070584504	0.0787834417	-0.0776295449	0.049785172	0.1173331629	0.1904154841	-0.1437466467	0.0035430948	-0.1509401849	-0.1058801375	0.0680664159	-0.0147140554	-0.0937107	-0.0081803999999999	6.691894415999984e-05	0.00878169529449	0.0365941	-0.0285981	0.0013391281548099	0.00081785132361	-0.142431	-0.022165	0.020286589761	0.000491287225	0.00312853	0.00059777	3.573289729000001e-07	9.7876999609e-06	0.00163289	0.0007875049999999	6.201641250249998e-07	2.6663297521e-06	-0.000393971	-0.000244595	1.5521314884100004e-07	5.982671402500001e-08	0.0
280.5936121001239	-0.290272858122421	78732.77515139479	0.0842583321625591	309.9216046287316	0.4393285202443167	96051.40101564782	0.1930095487000609	191.7997244692033	0.4380917188012745	0.1919243540822549	36787.13430646231	191.80259903590573	319.6597227255974	1.157298	23.599936	0.0620018	0.0297326	-0.0537930959	0.0871713985	0.0460394661	0.0533560472	-0.014857214	0.0798948095	-0.1124406976	0.0405633973	-0.0090684986	-0.0814310268	0.0814804989	0.0123878644	-0.0140821063	-0.0529990143	0.142907505	0.160668142	0.0062694761	-0.0002750931	0.0975044953	0.1465459925	0.1944538646	-0.0319661461	-0.1278129361	0.1351785271	0.0580125276	-0.0774561072	-0.031815254	0.0017982916	-0.131038763	0.1385850512	0.010782096	-0.0023537372	-0.0324109837	0.0718774701	0.1143822386	0.0230052507	-0.0064341264	0.083083376	-0.0920459879	0.0904230066	0.178938702	0.027392469	-0.0759019208	0.0471212686	0.1055752017	0.0030183567	-0.0266312451	-0.0079653398	0.0785822413	-0.0145229638	-0.2147250002	-0.1290643635	0.0030773276	0.0415264514	-0.0074249362	-0.0060203765	-0.0303958181	-0.0396686024	0.0771869488	0.1141101965	0.1749026479	0.1033805875	-0.0586869423	0.0153260921	-0.0547893302	0.0097045072	-0.0936719576	-0.1320414032	0.1881507056	-0.0694444592	-0.1084222248	0.154838363	-0.0068396976	-0.1056048187	-0.0359325839	0.0180967845	-0.0943177439	0.1455274727	-0.0648925546	-0.0152477926	-0.0234608681	0.090124404	0.0896590422	0.0170880853	0.0373532778	-0.0583595716	-0.243630181	0.0301326182	-0.0471274214	0.003636696	0.0364534236	-0.0060971684	-0.0852639076	0.073479087	-0.0362298387	-0.0641570685	-0.0836339497	0.0655547316	0.1452273591	-0.136517379	0.1432577377	-0.0159125629	0.010782368	0.0231754218	-0.0444481729	-0.056467327	-0.0634787679	-0.0441896445	0.216637514	0.0223489739	0.0055546881	0.0304882574	-0.0634317363	0.0225133394	0.1034102012	-0.0901000718	0.0257293284	0.1192460531	-0.128906811	0.0680664954	0.0557884088	0.1191350512	-0.1165593999	0.0491966555	0.0219657021	-0.0829581518	-0.1176179705	-0.0061813556	-0.001289161	0.0506257319	0.0398488304	0.1710167079	-0.0371722023	0.0157368758	0.0112524915	-0.0559113813	-0.0320730243	-0.1070977539	0.0724057592	-0.0226597522	-0.0899728999999999	0.0037378	1.3971148840000724e-05	0.0080951227344099	0.0596356	0.0230415	0.0035564047873599	0.0005309107222499	-0.127296	0.015135	0.0162042716159999	0.000229068225	0.00343793	0.0003094	9.572836000000004e-08	1.18193626849e-05	0.00154054	-9.234999999999994e-05	8.528522499999992e-09	2.3732634916e-06	-0.000393971	0.0	1.5521314884100004e-07	0.0	0.0
280.39424049358286	-0.1993716065410353	78620.93010197318	0.0397490374947534	309.50652996750125	-0.4150746612303351	95794.29209252376	0.1722869743954774	191.36866306454647	-0.4310614046568446	0.1858139345847319	36621.96520311191	191.41279967402068	316.5430520068419	1.181879	24.101196	0.0748621499999999	0.0383652	0.0667119735	0.1028297576	-0.0662069358	0.0565287542	-0.0380262377	-0.0982541305	0.0542678852	0.0933180955	-0.048700155	-0.0267311843	-0.0932784563	-0.172895263	-0.0071482883	0.0276394841	0.1463538373	-0.0208270081	-0.045977114	0.0940801777	0.0108622215	0.084711353	-0.0034945252	0.1791921702	-0.0083428974	-0.0043911571	-0.0420737529	0.1063380792	0.0425318929	0.0735153952	-0.2247548454	0.0147892238	0.0781211853	-0.0138065329	-0.0718103137	0.0173968846	0.1333022512	0.0234414575	-0.0095117362	0.073762897	0.0626313386	-0.1138060428	-0.1602186202	0.0653491041	0.0887307829	-0.0199499503	-0.0025571693	0.0055881096	-0.0187171086	0.0576387043	-0.0369809641	-0.0932359372	-0.075087275	-0.0083527992	-0.0023822788	0.0499205584	-0.1737449322	-0.0726639924	-0.0895050341	-0.1114158114	0.0623126924	0.0011521546	0.0217658417	0.0130586659	-0.0418505902	-0.0512534168	0.0262152239	-0.0978331042	-0.0107405589	-0.0828943688	0.0347534383	0.1887352157	0.0187352483	0.005165537	-0.0418962569	0.1125049388	0.0324809051	0.114169667	-0.170694462	0.1173462452	0.0173365509	-0.0246815762	-0.0576573795	0.0494601836	0.1260903927	-0.0050188029	0.022426329	-0.1117009851	0.1485771892	0.0530374782	-0.0143589563	-0.1326361879	-0.0485606642	0.0348418224	0.0330334419	-0.005754217	0.0004120009	-0.0022223793	-0.0763957003	-0.0853805657	0.0229105185	-0.0358575351	0.0773392273	-0.0122227137	-0.0723278138	-0.1813746279	-0.1320650089	0.011395279	0.0537572666	-0.0132848276	0.02964411	-0.0152225336	-0.0101086626	0.0691048775	-0.0141545325	0.0650654291	-0.0568796027	-0.1652342994	-0.0811537827	-0.1288689921	0.004544059	0.0583795931	0.0071277634	0.0233656336	-0.1597650465	-0.0680398347	-0.0461457979	0.0305521727	-0.1387618926	0.0279582415	-0.0738677298	0.0477715091	0.0503399975	-0.2098901805	-0.1183179538	0.0836796921	0.0075985788	0.0288107239	-0.0680561184	-0.1082614433	0.0765992869	-0.0305027946	-0.0862461999999999	0.0037266999999999	1.3888292889999997e-05	0.0074384070144399	0.0301911	-0.0294445	0.0009115025192099	0.0008669785802499	-0.117619	0.0096769999999999	0.013834229161	9.364432899999982e-05	0.00379609	0.0003581599999999	1.282785855999998e-07	1.44102992881e-05	0.00162387	8.332999999999995e-05	6.943888899999992e-09	2.6369537769e-06	-0.000195182	0.000198789	3.8096013124e-08	3.951706652100001e-08	0.0
280.2747585367741	-0.1194819568087837	78553.94027284702	0.014275938002856	308.8684493912761	-0.6380805762251498	95399.71902937128	0.4071468217558192	191.4645538899436	0.0958908253971344	0.0091950503953437	36658.67539627512	191.49181153327388	315.6189142610452	1.100829	22.448406	0.05358185	0.0326031	0.1192798644	-0.0088845769	-0.1298573759	0.068459183	-0.0431792784	0.0685540918	0.1709065918	0.0139339553	-0.0634810288	-0.0079470294	0.0046987205	-0.0407204301	0.0697122062	0.0737129161	0.1083527424	0.1498501877	0.0708735252	0.1145078528	-0.1137707018	0.0699981164	0.0930356702	-0.0770255176	-0.0140059409	-0.0342561098	0.0197713821	0.1063322222	-0.0185281881	0.0194695234	-0.028427816	-0.1357406941	0.0585615494	0.0744399942	0.0398809296	0.1302369383	0.0652549981	-0.164066944	-0.0096998349	-0.0482502372	0.0433949649	-0.0654068238	-0.0632886406	-0.0847132527	0.0260279945	0.0256482982	0.0299192522	-0.1767621128	-0.0716882231	0.0351391773	-0.056968651	0.0724245901	-0.0514546479	0.0446738715	0.1358594436	0.035123751	0.1258608995	0.0251803141	0.0069736242	0.0652573554	0.0871980915	-0.1199634105	-0.1467483259	0.1313905487	-0.0803841779	0.1252281555	-0.149994146	-0.1216135841	0.1064242476	-0.0622819216	0.0953191723	-0.0621883006	-0.0317118944	-0.0568070777	0.0328805566	0.1190084207	-0.0156041912	0.0565067246	-0.0542192186	-0.0592387966	0.1162761139	0.0073217804	0.0739702839	0.1438875723	-0.0240557952	-0.13855929	0.0372971175	-0.0011762175	0.1174561094	0.0085720274	-0.0148559667	0.098805503	-0.0266567837	0.0489534079	-0.0858002012	-0.0971846883	0.1365679285	-0.0668586301	0.0478046287	0.0214871506	0.0461907468	0.0195603549	0.1181851492	0.0913387285	0.047048007	0.1066882187	0.0405171828	0.0952748695	0.1127202853	0.087502151	-0.0713816784	0.0043201804	0.2059448516	-0.0087209435	-0.1359831905	0.1108887223	-0.1310896706	-0.0417467628	0.1195866071	-0.0274155872	0.0163502718	0.0395464693	-0.0091281587	0.0629966	-0.1004909691	-0.0352061656	-0.0572108583	-0.1766044446	-0.0961799457	0.0054657981	-0.1794523986	0.0155175238	-0.0784448032	-0.0131028836	-0.0934345661	0.0911053251	-0.0012449618	0.0061292743	-0.037794457	-0.1093706198	0.0806385538	-0.0382076517	-0.0826008	0.0036453999999998	1.328894115999924e-05	0.00682289216064	0.0562761	0.026085	0.00316699943121	0.000680427225	-0.112602	0.005017	0.0126792104039999	2.517028900000008e-05	0.003512	-0.0002840899999999	8.070712809999994e-08	1.2334144e-05	0.00168685	6.298000000000002e-05	3.966480400000003e-09	2.8454629225e-06	-0.000165563	2.961899999999999e-05	2.7411106969e-08	8.772851609999992e-10	0.0
280.48229404874724	0.2075355119731625	78670.31727484791	0.0430709887299627	309.88076935857055	1.0123199672944452	96026.0912182596	1.0247917161830264	191.3689936442293	-0.0955602457142958	0.0091317605609766	36622.091728405074	191.38649520171424	316.79537292620665	1.035448	21.11515	0.05533455	0.0303084	0.0471981852	-0.1112734054	-0.0229785567	0.1086390298	-0.1200223241	0.1477631227	0.0775914385	-0.1321822943	-0.0958186762	-0.1160662817	0.0932601046	0.0493309606	0.0034666511	0.1025839485	0.0626928864	0.0747061928	0.0425447282	-0.0674294291	-0.1398903252	-0.0064500484	0.0336242203	0.0300269851	-0.0175115442	-0.061599176	-0.0845903859	-0.097803588	-0.0540383445	-0.0610133277	0.0118077191	-0.002475384	-0.1249791197	-0.0155688726	0.0246751546	0.0778995941	0.0658827875	0.0877373774	0.0754838606	0.1882639279	-0.0143230797	0.0181221602	-0.1173516225	-0.1049677294	-0.0463011144	-0.0448821222	-0.0434091495	-0.0380556035	-0.1107015278	-0.1555136031	0.1062333953	0.0391455063	-0.0349855754	-0.0885293369	0.0231254608	0.016210083	-0.0017707127	0.1016937393	-0.1006873327	0.0625590567	0.119039553	0.0188910952	0.0190427768	0.1269925245	0.0718472682	0.0489612251	-0.1066975875	0.059905854	0.141761136	0.0125967691	0.0286608133	0.0228646815	-0.0209673109	-0.043528567	-0.1107852154	-0.074065089	-0.0240657679	-0.0594369604	-0.0118025522	-0.1090999252	-0.1130782321	-0.0159820352	-0.0011371559	0.0812046025	0.0344324291	0.0828775192	-0.0404946496	-0.1716789972	0.0222099688	0.1003890482	0.1488215228	0.0781293802	0.0481365298	0.0618186939	0.0357785972	-0.1076577834	-0.1186772269	-0.060440377	-0.0282732075	0.1424428044	-0.0031400879	-0.0945353405	0.0601263172	-0.0351304333	0.0756841208	-0.0055303588	0.03219309	0.0620034071	0.0844173389	0.0363436722	0.1318782611	0.0273207464	0.0348163576	-0.083641337	-0.1578064728	0.1186707106	0.0544619013	0.0050695734	0.1832391696	-0.0404487037	-0.0248833531	-0.0013925184	-0.0556064168	0.052349281	-0.1571608611	-0.0391764138	-0.0567953562	-0.1390267327	-0.2486676061	0.1112404502	-0.0165125991	0.0411276594	0.0069988116	-0.0861866758	0.0534293211	0.0622999735	0.0224025845	0.0513515346	0.092234348	-0.1104247249	0.0845154255	-0.0457394187	-0.0790369999999999	0.0035638000000001	1.2700670440000734e-05	0.0062468473689999	0.0782241	0.021948	0.00611900982081	0.000481714704	-0.0912677	0.0213343	0.0083297930632899	0.00045515235649	0.00361034	9.834000000000016e-05	9.670755600000027e-09	1.30345549156e-05	0.00175738	7.053000000000007e-05	4.974480900000011e-09	3.0883844644e-06	-0.000164664	8.990000000000061e-07	2.7114232896e-08	8.08201000000011e-13	0.0
280.07263141259256	-0.4096626361546782	78440.67886637393	0.1678234754612003	309.856354038815	-0.0244153197555192	96010.96013822749	0.0005961078387642	191.1848659040916	-0.1841277401377112	0.0339030246882205	36551.652950765485	191.19443441909675	319.6308805655641	1.179389	24.050423	0.076776	0.04148	-0.0317765965	0.0694333902	0.0507622305	0.0657917074	-0.2101463986	-0.0960390207	-0.074500938	-0.0216170841	-0.043954648	-0.1046884271	-0.0189261332	-0.1164837435	-0.068231916	-0.0012215009	-0.0153877675	0.1092899409	0.0730905314	0.002020596	0.0834086731	0.0101867127	0.0148186147	0.2156519141	0.0362569905	0.1203148199	-0.0308428636	-0.0148683089	-0.0640345747	0.0081908199	-0.0434859542	-0.0440670336	0.0361393397	-0.0250614218	-0.0337045888	0.2011888324	0.0463419962	-0.0234640637	-0.011785079	0.0735428583	0.0246913871	-0.1221764839	-0.0613177744	-0.0483115177	0.0073202085	0.0223769274	-0.0470303657	0.0421715488	-0.0075859297	-0.0958941885	0.1327908285	0.0801310129	-0.001449558	0.1392157103	-0.0328745209	-0.1341614449	0.1009926939	-0.050732368	0.0101427439	-0.1403323577	0.0628584911	-0.0087572361	0.0925215022	0.0422286923	-0.1499534899	-0.0988221506	-0.0300534859	0.0053077248	-0.0778808137	-0.0004750253	0.0435590066	0.1839590674	0.077194229	0.1478980464	-0.0554747636	0.0147620395	-0.0614502013	0.0273845302	-0.0632238719	-0.0426445375	0.0472772106	-0.047931849	-0.0410908867	0.1896960099	-0.0204381003	-0.0030587148	0.0295720899	-0.0876686009	0.0512008898	0.0461513068	-0.0288479412	0.013383313	0.0022375642	0.082776402	0.0609883893	0.0071621092	-0.0741023154	0.0079473041	0.0739716177	0.1701653958	0.0577123885	0.1251046182	-0.1348571895	0.0758905878	-0.0200580962	0.0662584889	-0.1282428765	-0.04182996	0.03243122	-0.0275252559	0.0985072202	0.0217745724	0.0257727121	0.1535087399	-0.0089893604	0.0634547766	0.0548411751	-0.1413193243	-0.0501774918	-0.030930497	0.0221546633	0.0746761786	-0.0995412531	0.0942933825	-0.1843877511	0.1199058313	-0.1055259345	-0.0916920478	-0.0137699707	0.0395560591	0.0423316125	0.0840380204	-0.016315313	-0.0943811933	-0.079531292	0.0483986038	0.0390185657	0.1300564966	0.0898326756	-0.1114232278	0.0882220943	-0.0530639746	-0.0833368	-0.0042998000000001	1.848828004000089e-05	0.00694502223424	0.06467	-0.0135541	0.0041822089	0.00018371362681	-0.123829	-0.0325613	0.0153336212409999	0.00106023825769	0.00384335	0.00023301	5.429366010000004e-08	1.47713392225e-05	0.00161069	-0.00014669	2.1517956100000032e-08	2.5943222761e-06	-0.00031218	-0.000147516	9.745635240000001e-08	2.1760970256000004e-08	0.0
279.5961655387321	-0.4764658738604339	78174.0157839621	0.2270197289535869	308.56722083045736	-1.2891332083576683	95213.72977103225	1.661864428890536	191.0088724270257	-0.1759934770659015	0.030973703969746	36484.389345843774	191.042349068341	314.4540328035428	1.16737	23.805334	0.0677017499999999	0.0330939	0.1254031599	0.0528000213	-0.0082718647	-0.0545997611	-0.1218394265	-0.0086877547	0.0433247935	0.0684192702	-0.03676768	0.0840887742	-0.0209426414	-0.0452504904	0.0827241146	0.1786264536	0.0409141408	0.0150921829	0.0398562179	0.0898981836	0.0143100549	-0.0260216002	-0.0438069608	0.007139398	-0.0904528057	-0.1712190999	0.0105424578	-0.0220188263	-0.0935510534	-0.0230328274	-0.0539446422	-0.0422110703	-0.0885340021	-0.1420821621	0.0556788917	0.0448613757	0.0685211502	0.0969666684	-0.0608273356	-0.003008546	0.0750590901	0.0564639131	0.1117145225	-0.0546548547	0.1602149324	0.01969118	-0.0029429601	0.0523545546	0.1224976201	0.1921638046	-0.0532077212	-0.0151515248	0.1312838681	-0.0436193088	-0.1496118559	-0.0894497892	-0.0953218174	0.0488274899	-0.1488916949	-0.0479642175	-0.0271365559	-0.1464020604	-0.1954772623	0.0457974347	0.0839704114	-0.0133234482	0.0680383247	-0.0930353129	-0.0115417299	0.0165005549	-0.0432537669	0.0520009401	-0.1080499995	-0.1510677746	-0.0073439784	-0.0428588751	-0.077731904	0.02668658	-0.0699722769	-0.0763613551	-0.1173049834	-0.171803258	0.043392681	0.0209341425	0.0576102836	0.0547126796	0.0833667709	0.0053030519	-0.054426706	-0.0986646649	-0.0457726504	0.0329426024	-0.1599478308	-0.0608382784	0.0762360748	0.0920538831	0.1157481645	0.0753987925	-0.0360485113	-0.1051697153	-0.0438898075	-0.0955039831	-0.2077877569	-0.1730974574	0.0658338408	-0.1256547297	-0.0749829026	0.0749725544	0.1123848658	0.1056691822	-0.1867902199	-0.0057885986	0.0573144375	-0.0455800839	0.0742625512	0.057169173	-0.1048046343	-0.0719265797	0.0629670971	0.0660192022	0.0457453663	0.1224837095	-0.0070472847	0.0692710061	-0.0437136083	-0.0038626296	-0.2049275414	-0.0439180034	-0.1258769216	-0.0571572686	0.046852537	0.1825048169	0.0158971684	-0.0644214649	-0.0506633766	0.0097420109	-0.010835395	-0.0559224766	0.0656525676	-0.1123656258	0.0917510955	-0.0601481375	-0.100206	-0.0168692	0.00028456990864	0.010041242436	0.0536155	-0.0110545	0.00287462184025	0.00012220197025	-0.142703	-0.018874	0.0203641462089999	0.000356227876	0.00408394	0.00024059	5.7883548100000087e-08	1.6678565923600003e-05	0.0014655	-0.0001451899999999	2.1080136099999973e-08	2.14769025e-06	-0.000279879	3.230099999999999e-05	7.833225464100003e-08	1.043354600999999e-09	0.0
278.9460499329739	-0.6501156057582307	77810.89877320916	0.4226503008503912	306.99514545735053	-1.572075373106827	94246.01933437982	2.4714209787289696	190.3626923695528	-0.6461800574728898	0.4175486666756671	36237.954646185	190.3953275711539	310.315631993084	1.183168	24.127493	0.20571985	0.103044	0.1513216827	-0.0930122514	0.100912064	-0.0065420241	-0.0553530122	0.0569475476	0.0519251724	-0.0804086412	-0.1309055804	0.0892070572	0.0449701391	0.1048312597	-0.0677036187	0.0768311716	-0.0674605806	-0.0886262156	-0.0435145852	-0.0579146031	-0.0827033461	-0.2596353023	-0.1726769419	0.0883165409	-0.0113391137	-0.1013858504	-0.0491698568	0.1503031267	0.1229393188	0.0614734706	0.116120043	-0.0766191131	-0.0339905692	-0.0865450989	-0.1617370681	-0.0028380576	-0.0021922314	-0.0187425098	0.0960737208	0.1078686536	0.0108409678	0.0323207876	0.045428532	-0.0906025502	-0.1271350888	0.0308175929	0.0235474644	0.005683293	-0.1275370668	-0.0780075954	0.1321674636	-0.0454118333	-0.0055871365	0.0763190677	-0.0484791054	-0.0530810056	-0.1274244662	0.0120760493	0.1416091636	-0.063608385	0.0358386797	-0.0329225249	-0.0050246579	-0.0371546781	-0.0534966592	0.0398582984	0.0485294432	0.0556301328	0.089220184	0.245553285	-0.1735217894	0.1395888373	-0.0166515957	-0.1092197105	0.0049275174	0.1285723416	0.1181187621	0.0152831993	0.1092611189	-0.0679192434	0.0403764131	-0.0466048832	-0.1964769591	-0.0334851382	-0.0082732843	-0.0530118435	-0.0714140279	-0.1219375305	-0.0686358115	-0.0076162597	0.0525151758	0.097363743	0.093156705	0.0487202308	-0.0113630479	0.0451305646	-0.0609570387	-0.1128937454	-0.0888705723	0.1095707887	-0.006227819	0.0546199268	-0.0532817566	0.0345216559	-0.0850736236	-0.1168589474	0.0334553734	-0.1529673231	0.0572357591	-0.0225935751	-0.0159400867	0.0050157622	0.0853785829	0.0547944214	0.0751093793	0.075153688	0.0547574921	0.1329189027	0.0797818021	0.012943822	0.0649158892	0.0053393856	0.1368678229	-0.0864911937	0.2319670362	0.0277497809	-0.0744866611	0.0253143032	0.0138923973	0.1086306223	0.0874932639	0.0945022288	-0.2169851202	-0.2245902638	0.038053079	0.0510053595	0.0788335205	0.0669004829	0.0983990656	-0.1132514443	0.0950953223	-0.0669598143	-0.129636	-0.0294299999999999	0.0008661248999999	0.016805492496	0.0109103	-0.0427052	0.00011903464609	0.00182373410704	-0.0812779	0.0614250999999999	0.00660609702841	0.0037730429100099	0.00313097	-0.00095297	9.081518209000008e-07	9.8029731409e-06	0.000976934	-0.000488566	2.38696736356e-07	9.544000403560002e-07	-0.000281534	-1.654999999999983e-06	7.9261393156e-08	2.739024999999945e-12	0.0
279.8384285548875	0.8923786219136218	78309.54609606888	0.7963396048484548	307.3355698892158	0.3404244318652445	94455.15251912904	0.1158887938107745	190.8335659181037	0.4708735485508839	0.2217218987249016	36417.44988101922	190.83265824488416	312.0858412448805	1.334936	27.222387	0.10463365	0.0793622999999999	-0.0481837466	-0.0562392477	0.1320698665	-0.0482431696	0.017708387	0.0744055302	-0.0901828013	-0.0510782425	-0.0415710024	0.0337114193	-0.0675400816	0.0629666122	0.0619934613	-0.0265060669	-0.0120078012	-0.2898432247	-0.0693920914	-0.1481661271	0.0287443261	-0.1794799282	-0.1100451148	-0.1821503893	0.0470965298	-0.0193548155	0.0184324494	-0.0241969432	-0.0323243728	-0.0703150034	-0.0520703373	-0.1663815904	-0.1703783479	0.015158191	0.1465090267	-0.1397251082	0.1286572578	-0.0301410643	-0.0267657708	0.0958631524	0.1151919385	0.0366641938	-0.0377047339	-0.0320373624	-0.0270185412	0.156672463	0.1068991658	0.0459984018	0.1252095501	-0.0687181126	0.0128433308	0.0277468735	0.0150565842	-0.0027878378	0.0767030886	-0.0215721032	-0.0021912785	-0.0480856105	0.0389427811	-0.0777744299	-0.074116883	-0.1287570295	2.4242e-06	-0.0739475772	0.0122277834	0.0819953937	-0.0759823569	0.1518038775	-0.0268692429	0.1734212849	-0.1430096041	-0.1575887533	0.0188928294	-0.0541583358	0.0586935342	0.0125129276	-0.0175335852	-0.0149220356	-0.1073559357	-0.2030007471	-0.0906776632	0.0016119633	0.1434862289	-0.1428886065	0.0938849589	-0.0614536562	0.0963957003	-0.1088707043	-0.0091260133	-0.0540386906	0.0607729679	0.0367176849	-0.0264457895	0.145534781	-0.0931571798	0.0908210823	-0.063391487	0.1159094329	0.0718625542	0.0310413142	-0.0001461593	-0.009500449	1.8451e-06	0.1084013546	-0.0100903834	0.002968251	-0.0280707135	-0.0605356228	-0.0187984746	-0.1322489017	-0.1320645635	0.0739672004	0.0386876783	-0.0640683717	-0.0943053324	-0.0717216046	0.1029583529	0.0416967751	-0.1299872382	-0.0661386475	0.0908541126	-0.0099108317	0.1616525446	0.1580864326	0.1697333179	-0.0205015637	0.0303801298	0.1659290173	0.078811531	0.107241304	-0.0928820999	0.0525257696	-0.017479559	-0.1264836127	0.0075391019	0.0344074416	-0.0829239752	-0.1328914685	0.1287018369	-0.1140802373	0.0982480398	-0.0734681463	-0.130471	-0.000835	6.97225000000004e-07	0.017022681841	0.0109216	1.1300000000000546e-05	0.00011928134656	1.276900000000123e-10	-0.158611	-0.0773331	0.025157449321	0.00598040835561	0.00312206	-8.909999999999994e-06	7.93880999999999e-11	9.7472586436e-06	0.000569196	-0.000407738	1.6625027664400004e-07	3.239840864160001e-07	-0.000393971	-0.000112437	1.5521314884100004e-07	1.2642078969000002e-08	0.0
281.3394645935289	1.5010360386413597	79151.89433777348	2.2531091893001447	310.31164672060413	2.9760768313883545	96293.31809045305	8.85703330632655	191.2100601238464	0.3764942057427163	0.1417478869578388	36561.28709256496	191.21589091126347	324.38368303675446	1.254467	25.581436	0.08937765	0.0501135	-0.1624938297	0.0622376223	-0.0716283704	0.0141040064	-0.0627943911	0.0615126033	-0.0583053772	0.0711847244	0.0689821374	-0.1677835116	0.0038537568	0.0601046156	0.0941274177	0.1230672942	-0.0355502782	-0.0929618479	0.1011974092	0.0518992376	0.0219871382	-0.0356731227	-0.0179064424	-0.1023520835	0.1359743435	0.0757847584	-0.1888560443	-0.0787389574	0.0456279965	0.0942302263	0.1139440442	-0.0412753996	-0.026080832	-0.1103822799	-0.0426788752	0.0655294683	-0.1575674499	0.0420123293	-0.0044740787	-0.1603060495	0.0538391259	-0.1131047726	-0.0333554878	-0.0926946213	-0.1478444312	0.0290415532	0.0280190779	0.0279696991	0.0215379052	0.1390405371	0.0403186142	0.035217527	0.1845549471	-0.0369534587	-0.0607372127	0.0002184557	0.0787711354	0.0982578864	0.0081571258	-0.0553675997	-0.080153247	0.0919931878	0.1279345527	0.0538384616	-0.0460851536	0.0383465592	0.061435188	-0.0489143737	-0.0323042248	0.047230262	-0.0445854219	-0.140955867	0.1334980249	0.0511411426	-0.1497775178	0.0016925455	0.0874074428	0.0754560818	0.1207016277	-0.0937712039	-0.0047103154	-0.0757596765	-0.0853461109	0.0203087493	-0.1391211749	0.0754903417	-0.0533019076	0.1382696633	0.1250222638	-0.039067201	-0.0677174868	0.0721354188	0.1073957985	0.0520042912	-0.0063159859	0.1578773903	0.0483736958	0.0433176763	0.0025439569	0.0334993237	-0.1691380319	0.044401452	-0.0309850193	-0.1443434105	0.1194751587	0.0623838841	-0.0172067546	-0.0445682661	-0.1451679215	-0.0462327431	0.0975834356	-0.0017161856	0.0465267007	-0.0189239514	0.0305157342	-0.0714264719	-0.0556573129	0.0109756565	-0.0447904408	0.0419523455	-0.0094127401	-0.1039239427	0.0729874815	0.2357487023	0.047845911	0.0151626031	-0.0162701248	0.0535597151	0.0489983683	0.020827218	0.0798485991	0.0919137259	-0.0979538543	-0.0482979768	-0.0672909659	-0.0899847193	0.1252229821	0.0488938213	0.1214554508	-0.1148515874	0.1012028987	-0.0796436494	-0.11921	0.011261	0.000126810121	0.0142110240999999	0.0241248	0.0132031999999999	0.0005820059750399	0.0001743244902399	-0.192247	-0.033636	0.036958909009	0.001131380496	0.00364235	0.00052029	2.707016841000001e-07	1.32667135225e-05	0.000674455	0.000105259	1.1079457081000003e-08	4.5488954702500004e-07	-0.000393971	0.0	1.5521314884100004e-07	0.0	0.0
280.8132378651109	-0.5262267284179529	78856.07456028736	0.276914569701462	311.2247649803039	0.913118259699786	96860.8543370454	0.8337849561971659	191.5682224317965	0.3581623079500957	0.1282802388361392	36698.38384567826	191.60083332867688	326.3902840928065	1.082793	22.08061	0.0804838499999999	0.0480294	-0.1507836633	-0.0439026026	-0.0835197195	0.0068844163	-0.0075142808	0.0084712705	-0.0167126903	-0.0378501876	0.1181991856	-0.1189350316	-0.0090906112	0.0559528268	-0.0455586219	-0.0389134131	-0.0275429725	-0.0029635635	-0.0772041318	-0.0461258841	-0.0393978631	0.103662785	0.022684264	-0.0301142374	-0.05104577	0.1471546193	0.058770558	0.0551483917	-0.0202857182	-0.0066408304	-0.0654754524	0.0673656306	0.1014387511	0.0182560707	0.0523678628	-0.1137379732	-0.0720985962	0.0395488311	0.0050752483	-0.1427946296	0.0398197959	-0.0109382188	0.1106589223	0.071657025	-0.0170902636	-0.0962473765	-0.0660915309	0.0326228965	-0.0604568525	-0.1658881183	0.03598864	-0.017206783	-0.1464372936	-0.0029237452	0.1307594766	-0.0258077718	-0.0678560793	0.0238948179	-0.0833321727	0.0426133407	0.0503692617	-0.2565500634	0.0436914226	0.0432898794	0.0521235986	0.0706933943	0.1192040478	0.0436410028	0.0361622242	-0.1031644424	0.0202287471	-0.0527852723	-0.0335702713	0.1350134559	0.0388056402	0.0270364026	-0.0324522417	-0.0015653131	-0.0269288304	0.1550343374	0.0596365374	0.0293355332	0.0588077275	-0.1280001195	-0.0143892386	0.0357216839	-0.025072057	0.074883464	-0.0349894869	-0.0820211778	-0.1289920986	-0.0142191411	0.0860670393	-0.0524425226	0.0521939799	-0.119625883	-0.169664554	-0.0441045597	-0.0627580398	0.0418013933	0.0812844379	-0.0454774469	0.0908417679	0.087346772	0.0652419386	-0.0961701169	0.0007898373	0.0634834634	0.1360936076	0.0266597769	-0.0546354599	0.2531582232	0.0622935706	-0.043820479	0.0796815396	-0.073576335	0.0511351937	0.0858763953	0.0172547006	-0.0072966377	-0.1076290563	-0.0146630729	0.0271717765	0.0875847434	0.1077915787	0.0298948169	0.1196892518	-0.0005815183	0.0422820337	-0.0517248797	0.2464230196	0.0377924043	-0.0033643769	0.093848367	-0.1703356385	0.0533767647	0.042301476	-0.0170996064	0.050602463	-0.1155651064	0.1039539485	-0.0854583468	-0.120278	-0.0010679999999999	1.140623999999999e-06	0.0144667972839999	0.0330153	0.0088904999999999	0.00109001003409	7.904099024999999e-05	-0.159614	0.0326329999999999	0.025476628996	0.0010649126889999	0.00314553	-0.0004968199999999	2.468301123999998e-07	9.8943589809e-06	0.000569196	-0.000105259	1.1079457081000003e-08	3.239840864160001e-07	-0.000238203	0.000155768	5.6740669209e-08	2.4263669824e-08	0.0
279.86494951757203	-0.9482883475388916	78324.38996847314	0.8992507900780419	309.0447055089895	-2.1800594713143937	95508.63000313804	4.752659298467594	191.2375816547653	-0.3306407770311921	0.1093233234357904	36571.81263716303	191.27950674741007	319.083783709374	1.191597	24.299372	0.05541385	0.0274187	0.0004751543	0.046202496	-0.0200323547	-0.0142236401	0.0190537997	-0.1535373462	-0.0087815564	0.04740366	0.0219155032	0.0385222237	-0.0433710207	-0.1082686591	-0.1131548344	-0.0115866644	-0.0796336094	0.0088453685	-0.0249080663	-0.0051478929	0.0305892816	0.1015911179	0.038411159	0.0656757243	0.0687104218	-0.0651374272	0.0436246149	0.1000319319	0.1054648658	-0.0592234322	0.1055237061	0.1656542868	-0.1139114322	0.1186123465	-0.0887474087	0.0166788188	0.0279444311	0.0667307821	0.0468839397	-0.1424733809	0.0197868034	0.031856299	-0.0367779169	0.0575291035	0.083483752	0.0079410145	0.0215031193	-0.0108155538	0.0746722993	0.05778151	0.0949100222	0.0524966954	-0.1013998548	0.1393072606	0.0244228789	0.0106125763	0.0772997682	0.074056527	-0.0496057119	-0.0696354936	0.0673823528	0.042348586	-0.1627051942	-0.0297136373	-0.1554842541	0.0542459907	-0.0788745541	-0.0013203155	-0.027901156	-0.1019099888	0.0579167644	0.0712837114	0.0729489911	-0.0721786649	0.0706736234	0.069131333	0.0962644437	-0.1200887048	0.1223136754	0.0534844151	-0.1439363508	0.1156939959	-0.0431157559	0.0745775433	0.0856660899	0.0175928368	-0.0784951279	0.1227888191	0.0379402358	-0.0972223737	-0.0174033512	-0.0831346738	-0.0847079502	-0.0219299213	-0.0269891406	0.0346672731	0.0380393558	0.047704733	-0.0005333188	0.1004754112	0.149666712	0.0856498898	0.0163909393	-0.0093485074	0.0318544641	0.0410370837	-0.0262305682	0.0226260568	0.1455508512	-0.0133336442	-0.0541482536	-0.1603218483	0.090435339	0.0577400842	-0.0218409176	-0.0297631711	-0.0326943118	-0.0287012127	-0.1143291916	-0.0555883853	0.0442826671	-0.0264672317	-0.0500981414	-0.0357969866	0.1082953212	-0.0308737462	0.1096063014	0.0138698891	-0.021088861	-0.1083139619	-0.0691295557	0.0638283021	-0.0325420562	-0.06461699	-0.0728042607	-0.0902420553	0.0998223717	0.107639293	0.1104564063	-0.1162204348	0.1064956489	-0.0908858965	-0.10837	0.011908	0.000141800464	0.0117440568999999	0.0154076	-0.0176076999999999	0.00023739413776	0.0003100310992899	-0.155433	0.004181	0.0241594174889999	1.748076100000015e-05	0.00337206	0.0002265299999999	5.131584089999999e-08	1.13707886436e-05	0.000766377	0.000197181	3.888034676100002e-08	5.873337061290001e-07	-0.000248835	-1.0631999999999975e-05	6.191885722499999e-08	1.1303942399999948e-10	0.0
279.76764390471595	-0.0973056128560756	78269.93457599595	0.0094683822932964	307.743332593004	-1.301372915985496	94705.9587554483	1.693571466460593	191.2173800344557	-0.0202016203096206	0.000408105463134	36564.086427241455	191.2356903617586	316.19559325843994	1.070753	21.835085	0.05821478	0.0303598	0.0511188102	-0.0322556814	-0.0937784705	-0.1163467232	0.1189224867	0.0007429415	0.0949789297	0.0133947628	0.066803706	0.0979473845	0.0059262878	0.0565962253	0.0199410602	-0.0699087653	-0.128896029	-0.0351826485	0.14320785	0.0881804926	-0.0723987698	0.0722284398	-0.0172449976	-0.097136499	0.1179213753	-0.0395924755	0.0960916168	0.1404610984	-0.0065439153	-0.0718295357	0.1084713129	-0.0822866716	0.1311824762	-0.0211843748	-0.0083529316	0.0190596073	-0.0245054128	0.0631674049	0.1029738272	0.0217809253	-0.0959399499	0.0729954914	0.0406110253	0.0898485739	-0.0214455372	-0.1777444258	0.1614724215	0.0206795058	0.0560869507	-0.010732904	-0.0792470749	-0.0347171685	-0.0331074676	0.0626858937	-0.0678861275	-0.1885863721	-0.0278245651	-0.1261011129	-0.0454974667	-0.0686964739	0.0161369749	0.1326160914	-0.0022531754	-0.0149315422	-0.1491047664	-0.07291363	0.0727480837	-0.0936424364	0.0654207422	-0.080196487	-0.017483785	-0.0814233721	0.0851533981	-0.0760096453	0.1245916947	0.1113576803	-0.0326479114	-0.0961779109	0.0674389707	-0.0292992093	0.1653227072	-0.0653830476	0.025253838	0.0230050728	0.0082536175	0.0419145823	-0.125781114	-0.0043923568	-0.0718929659	0.0244526497	0.0588380309	-0.0674127141	0.0449003119	-0.202148074	-0.1327214451	0.0531056942	-0.039730051	-0.0152046439	0.0099873023	-0.1077214091	0.1273830709	0.0017352971	-0.1653252692	0.0604828632	-0.0332297961	-0.0577441325	-0.1293519963	0.0097454398	-0.0608868538	-0.0453693564	0.0647353984	-0.144248575	0.0290981842	0.1261433983	0.034566877	-0.0594745376	-0.1425142613	0.0912750186	-0.0080248165	-0.0372669319	-0.0427708413	-0.0363176615	0.0050771127	-0.0083773589	0.1010750803	0.0316826422	-0.0734845752	-0.0058655217	0.0164917927	-0.1514625707	-0.0579165376	-0.0520546325	0.0019114985	0.0980156318	0.0640232871	-0.0123172052	-0.0622305911	0.1071599779	-0.0650164324	-0.1168172427	0.1088228812	-0.0959017104	-0.109672	-0.001302	1.6952040000000298e-06	0.012027947584	0.00542567	-0.00998193	2.94378949489e-05	9.96389265249e-05	-0.178902	-0.023469	0.032005925604	0.000550793961	0.00349898	0.0001269199999999	1.6108686399999995e-08	1.22428610404e-05	0.000569196	-0.000197181	3.888034676100002e-08	3.239840864160001e-07	-0.000393971	-0.000145136	1.5521314884100004e-07	2.1064458496000007e-08	0.0
280.46410568025664	0.6964617755406834	78660.11457502616	0.4850590047892813	308.8813734759855	1.1380408829814996	95407.70288041123	1.2951370513373113	191.3532164422368	0.1358364077811131	0.0184515296788768	36616.053442789525	191.3899844201647	319.313038806203	1.073725	21.895702	0.0488620799999999	0.0271664	-0.0525131165	-0.1708753682	-0.0258209291	-0.0202805493	0.1439327574	0.0434626202	0.0123419686	-0.152298497	0.0728758742	0.0390183654	0.031166436	0.1318542827	0.0190268723	-0.0832469642	-0.0734865503	-0.0880003021	-0.0067510862	-0.1003344785	-0.0904846662	0.0103655081	-0.0575802361	0.0991067444	-0.0380054785	0.0837620562	0.0061254946	-0.0802006534	-0.0327103272	0.0027976862	0.0733514543	0.1551780746	0.1269147968	0.028701264	0.0292159889	-0.0038886297	0.042376035	-0.0142797979	-0.0485907969	0.0983462799	0.1172162269	-0.0345663443	-0.0021076812	0.1450669826	0.0449203147	0.0229789795	0.0481333535	-0.1065789665	-0.0282515512	0.0732758537	-0.0215848496	0.0758167572	-0.005845339	-0.1876535718	-0.1374735559	-0.0244741625	0.0752731949	-0.062401558	-0.1046462962	0.035444659	-0.0064581127	-0.050179977	0.0852853352	0.0541212281	0.0883944249	0.0843117374	-0.0953257788	0.0957281241	0.0970169268	-0.0213718499	-0.0604406881	0.0752129825	-0.0121871464	0.1161816277	-0.034365255	-0.1066084956	-0.0349525848	-0.0307974022	0.1035886792	0.1432572114	0.0366825941	0.0069469822	0.036717233	0.0196755674	0.0303591627	-0.0009146233	0.0553603999	-0.1373364907	0.0612857945	-0.0261944723	-0.0716621149	-0.1080249734	-0.0344259792	0.0007510283	-0.0375919643	-0.0441706475	0.1529714957	-0.038000261	0.0229336587	0.0124525929	0.011116721	-0.1947788699	-0.0735012515	-0.0793758651	-0.0260010226	0.0793660196	-0.048006354	0.0505610545	-0.0776193488	-0.0492867794	0.0617281852	0.1081272076	0.0033095757	-0.0797516202	-0.1730495653	-0.0915032303	0.0262801059	0.1676634742	0.0784668076	-0.0290574134	-0.0254921845	-0.0448848475	0.0295945734	0.0317505273	0.039049848	0.0162725919	0.0121457774	0.057560101	-0.0045609443	-0.0324450755	0.1345214994	-0.07432787	0.1858947644	0.0043543349	0.1359902353	-0.0263989507	0.0270441307	-0.0769151462	-0.0606275137	-0.1173552296	0.1109309587	-0.1004830656	-0.100542	0.00913	8.335689999999999e-05	0.010108693764	0.0220746	0.01664893	0.00048728796516	0.0002771868701449	-0.181862	-0.0029599999999999	0.033073787044	8.761599999999943e-06	0.00315688	-0.0003421	1.170324100000001e-07	9.9658913344e-06	0.000629559	6.036300000000002e-05	3.643691769000002e-09	3.9634453448100004e-07	-0.000393971	0.0	1.5521314884100004e-07	0.0	0.0
280.7399084717486	0.2758027914919694	78814.89620872578	0.0760671797947627	309.4379810366983	0.5566075607127914	95751.86410806808	0.3098119766426437	191.2951124095337	-0.0581040327031132	0.0033760786163644	36593.82003177613	191.3105505388452	321.57980569580565	1.050175	21.415451	0.03794762	0.021509	-0.14372891	-0.0496659129	0.0418292356	0.0417936968	0.131078301	0.0054422836	-0.1127281828	-0.0790543576	0.0673604025	-0.0289781164	-0.0401175049	0.006851357	0.0578094735	-0.1330556317	-0.0501404898	-0.0365953928	-0.1151008293	-0.1378636023	0.0656682263	-0.0022650322	-0.0374854546	-0.0148302421	0.0679427254	-0.0010656241	0.0423576108	-0.0552355504	-0.0503182797	-0.0919137413	-0.1328303157	-0.035044023	-0.0464581467	-0.0981507866	-0.0399727375	-0.128906449	-0.0222289624	0.0341175031	-0.0232333124	0.1076149164	0.0438823164	-0.0175839892	0.0519213339	-0.0704278914	0.0888303712	0.0035610129	-0.0350298307	0.0456771605	0.0242100419	-0.1475534892	0.0441966935	0.1835552691	0.059218625	0.0188426035	0.0709263423	0.0912919304	0.0351022983	0.0146427888	-0.1291407749	0.0520664338	-0.0417184903	-0.0157751592	-0.0036305197	-0.0579421481	0.1486667616	-0.0842296695	0.1236607202	0.1408597292	-0.0561595005	0.0037482204	-0.0401169094	-0.0231372185	0.0661271006	-0.0044652069	0.0342555009	-0.0660195379	-0.0597317652	-0.0399629333	-0.1535035555	-0.0204032275	-0.0486999636	-0.0486599284	-0.0541270453	-0.1701210537	0.0078451581	0.0469218295	0.0124290533	-0.0841398076	-0.0297405934	0.01477391	-0.0406226074	0.0798424459	-0.0826166051	0.0030713654	0.0309432172	-0.074942437	-0.0914649735	0.0461828236	0.1748753505	0.1365834725	-0.0766394722	-0.0128104581	0.0563056982	-0.0353504249	0.0564626297	0.0048051498	-0.0446693927	0.1294017026	0.054837775	0.0617354961	-0.0342330763	0.0341161284	-0.1526523721	-0.0545009523	0.1202833158	-0.0916567826	0.1263064557	0.0782282792	-0.0872391072	-0.0383667309	-0.0361299379	-0.0963887694	0.0579329249	-0.0141431074	0.0408145802	-0.000403534	0.0305747874	0.0528543613	0.1444949578	0.0077454017	-0.0546795944	0.0440080604	0.101885948	0.0294505456	-0.0047423192	0.1072387145	-0.098510431	0.009196041	-0.1959729503	-0.1178341246	0.112815636	-0.1046092073	-0.096525	0.004017	1.6136289000000054e-05	0.009317075625	0.00325563	-0.01881897	1.05991266969e-05	0.0003541536318609	-0.175707	0.0061549999999999	0.030872949849	3.7884024999999926e-05	0.00327565	0.00011877	1.410631290000006e-08	1.07298829225e-05	0.000569196	-6.036300000000002e-05	3.643691769000002e-09	3.239840864160001e-07	-0.000393971	0.0	1.5521314884100004e-07	0.0	0.0
280.6445694152194	-0.0953390565292124	78761.3743422539	0.0090895356998803	309.7817114725757	0.3437304358773758	95964.70876287812	0.1181506125484507	191.1630265471552	-0.1320858623784886	0.017446675040269	36543.30271866836	191.18755816690063	322.6545146129226	1.073079	21.882517	0.0515915299999999	0.0251653	-0.1044124647	0.0376530188	-0.044593217	-0.0429706815	0.075281036	-0.09239318	-0.0510066542	0.0659787288	0.1203947354	0.0042297604	-0.026422827	-0.0172570642	0.0125053958	-0.0556824875	-0.0668530493	0.0701657354	-0.0732617376	0.0419150742	0.0406512569	-0.0020859437	-0.0330000977	-0.0952674745	0.0931718906	-0.0172539122	-0.0244468833	-0.1022357134	0.1052758968	0.0460426687	0.0904988793	0.0153208471	-0.0416383232	0.0337527013	0.1145906159	0.0174512887	-0.0058261719	-0.0309553007	0.0558594414	-0.0624277651	-0.1285607639	-0.0030149368	-0.05566336	0.1042530466	-0.043566215	0.0377548593	0.1614519113	-0.0364130745	0.022444176	0.011309502	-0.0025324304	-0.0827328941	0.1225545947	-0.0419538298	0.0192030819	0.0328559759	0.0334334085	-0.2041776995	-0.1248684186	-0.0456147482	-0.0098019184	0.1250603312	-0.0238492836	0.1812754782	0.1081557973	0.0373470192	0.0335274516	-0.0414007995	-0.0466728963	-0.0040113785	-0.0571177017	-0.1045013367	0.0805210913	-0.0311915908	0.0020275341	-0.0956345146	0.1265631975	0.0337778101	0.1014175204	-0.0296206611	-0.0431633505	0.0014919666	0.1138738784	0.0249897834	-0.0127638309	-0.0156568967	-0.0396879596	0.0738884291	-0.0415761009	0.0655167632	0.0168047722	-0.1024156273	0.0289890857	0.0452721391	-0.179620686	0.0252920474	0.0023196406	-0.001936422	-0.0527384724	-0.0643861955	-0.1240578493	-0.0120998048	-0.0162461917	0.0536263524	-0.0408476153	0.0334283694	-0.220589374	0.0914585655	-0.1054729083	0.1475874543	0.0786116178	-0.0542960587	0.0231272529	-0.1162411779	-0.0159564513	-0.101047169	-0.0676510142	0.0436100538	-0.1075982242	0.0237442927	0.0142459364	-0.0871370396	0.0456743432	-0.0317983917	0.0633369205	0.0024419531	0.0868536513	0.0003415728	-0.0035207776	-0.123075879	-0.0373786853	-0.0179537936	0.032416069	0.1563429542	0.0423810337	-0.104613209	0.062171679	0.0269977199	-0.113207512	-0.1182536866	0.1144731177	-0.1082614433	-0.112328	-0.0158029999999999	0.0002497348089999	0.012617579584	-0.00975205	-0.01300768	9.51024792025e-05	0.0001691997389824	-0.186638	-0.0109309999999999	0.034833743044	0.0001194867609999	0.00328473	9.079999999999852e-06	8.244639999999731e-11	1.07894511729e-05	0.000699527	0.000130331	1.6986169561000008e-08	4.893380237290001e-07	-0.000491557	-9.758599999999998e-05	2.41628284249e-07	9.523027395999997e-09	0.0
279.7584896605119	-0.8860797547075094	78264.81253713074	0.7851373317025201	309.2344684079529	-0.547243064622819	95625.9564515492	0.2994749717777749	191.3101332766236	0.1471067294683905	0.0216403898548862	36599.56709431948	191.3280081702467	317.79173444472053	1.04806	21.372337	0.07651769	0.0408632	0.0226867472	-0.0464081087	-0.0272951328	-0.0708384849	0.0487834565	-0.0989912655	0.0445440164	0.0042647212	0.0953672737	0.0989315866	0.0115852139	-0.0292809041	-0.0372189685	-0.0591111991	-0.1100517031	0.0965936902	-0.1085448188	0.0122633288	-0.0993075765	0.0180882786	-0.0251870001	-0.0178154796	0.0221576103	0.0664598378	0.0121214256	0.0038313918	0.1054327543	-0.0330086218	0.0620313622	-0.065602785	0.0291814667	0.061499366	0.016647346	-0.0882489795	-0.0772296586	0.0024213067	0.0230811353	0.0447614875	-0.0290051188	-0.0503666547	0.0633815858	0.0144521685	0.0231927922	-0.0931442376	-0.0357977571	0.1274158032	0.1366839053	-0.1087534149	-0.1506950048	-0.0199291798	0.0598759944	-0.1123826796	0.1197231569	0.1393944426	-0.0322801318	-0.0397568361	0.1219418103	-0.0638426313	0.1186838462	-0.0402667911	0.0395799978	0.0397144535	0.0152311678	0.013325867	0.0566273374	-0.0155259853	0.0900511854	-0.0242456113	-0.0253360141	-0.026557755	0.0207765633	0.0560350345	0.0447250268	-0.0007520854	0.108880534	-0.0329638969	0.0378193432	-0.0331239821	0.0780582032	0.0555820545	0.0280060822	-0.1092695829	-0.0263308999	0.0211226797	-0.0229163094	-0.0321337293	-0.0243178786	0.047765025	-0.0688562198	-0.0120723984	-0.0063430618	-0.0932644136	0.053570384	0.0037791843	-0.1389302557	0.1303926373	0.0932041473	-0.1699732258	-0.1465202599	-0.0874361314	0.1536800722	0.0787047783	-0.0280563782	-0.0107967095	-0.0302192212	-0.1198423878	0.0787761854	0.0281552055	0.0496591957	0.0447534811	0.0307900036	-0.012708266	0.017802573	-0.0468788407	-0.0590015659	0.0987911854	-0.0087480018	-0.0236833226	0.0069383626	-0.0359024528	-0.0168545945	-0.115224368	0.0479449338	0.1273645846	0.1371020753	-0.0005598144	0.0112909774	-0.0739375419	0.0734501719	-0.0362514257	0.0443301831	0.0686631694	-0.1165884099	0.1360465608	0.0709974349	0.0799095797	-0.2277708088	-0.1186137044	0.1159000657	-0.1114232278	-0.0965092	0.0158187999999999	0.0002502344334399	0.00931402568464	0.00895954	0.01871159	8.02733570116e-05	0.0003501236003281	-0.157241	0.029397	0.0247247320809999	0.000864183609	0.00324165	-4.308000000000003e-05	1.8558864000000023e-09	1.05082947225e-05	0.000673432	-2.6095000000000068e-05	6.809490250000034e-10	4.5351065862400006e-07	-0.000308926	0.000182631	9.5435273476e-08	3.3354082160999994e-08	0.0
279.2333968861145	-0.5250927743973648	77971.28993655834	0.2757224217243218	307.8719640483427	-1.3625043596101705	94785.14624698402	1.8564181299567208	190.9486957569028	-0.3614375197207948	0.1306370806619199	36461.40441126223	190.9855112611021	309.3357366775011	1.16163	23.68828	0.08599034	0.0414357	0.0632615376	-0.0146957688	0.1605532392	-0.0589394881	0.0959000752	0.110190897	-0.0642560318	-0.0060167639	-0.0461766881	0.1276965216	0.0586395269	0.1016942191	-0.0158860466	-0.0852674003	-0.0168851415	0.0664065597	0.0067830137	-0.0582430733	0.0542240924	-0.092851538	-0.0723904125	-0.0331010724	-0.0120916024	-0.0725063215	0.05081001	0.1034798469	-0.0040279802	0.0515423628	-0.1009401548	-0.0211869859	0.0512800441	0.1564375543	0.0289119763	0.0265309924	-0.0892183886	-0.0262761823	0.0246906424	-0.0030276573	-0.0817527727	-0.0456786413	0.0682772247	0.0893939763	0.1180967528	0.0337703175	0.0126006185	-0.1153356387	-0.0046195098	-0.0194173971	0.0869126798	-0.034094892	-0.0342166178	-0.143019821	-0.002596055	0.1791595612	-0.0445986127	0.1910834219	0.0195216394	0.0443183617	-0.1377768957	0.1277192346	0.033791079	0.1370886616	-0.1319109784	-0.026816879	-0.0454363493	0.0593141199	-0.0593553511	0.0836905759	-0.0740477146	0.0022578956	-0.0214784806	-0.0894950422	0.0613617923	0.0893395314	-0.0020574477	0.0649531594	-0.0636304864	0.0560860593	0.0614380248	0.1463993318	0.0638300406	0.0356765614	-0.048095912	0.0146342914	-0.0526580311	0.0304415133	-0.0839617513	0.0805374536	-0.1153402571	-0.0617263763	-0.1027829146	0.0276415031	-0.0773305377	-0.1428802517	-0.0081198954	0.0228212348	-0.1009185262	0.050084598	-0.0177012424	-0.0752049317	0.1640366864	-0.1949501683	0.1499705465	0.0100337647	0.1034978525	-0.0670951525	-0.1538534978	0.0675455924	0.0289321863	-0.0649612202	0.0210215345	0.113281625	-0.0391303313	-0.0162124197	0.0761439705	0.0694125482	-0.0516961675	0.0934220021	-0.000206438	-0.0853903388	0.0952160212	-0.0468571372	0.1903239209	0.1045967083	-0.0158600602	0.0230527854	-0.1251756536	0.0349238008	-0.1448358819	-0.088399058	0.1036493342	0.0968906158	0.0068905475	-0.0476062399	-0.0646235893	0.0395218904	-0.0620182478	-0.1189139965	0.1170936064	-0.1140802373	-0.105226	-0.0087167999999999	7.598260223999994e-05	0.011072511076	-0.0089805	-0.01794004	8.064938025e-05	0.0003218450352016	-0.130766	0.026475	0.0170997467559999	0.0007009256249999	0.00347088	0.0002292299999999	5.2546392899999994e-08	1.20470079744e-05	0.000690408	1.6976000000000035e-05	2.881845760000012e-10	4.76663206464e-07	-0.00071989	-0.000410964	5.182416121000001e-07	1.6889140929600006e-07	0.0
280.53724968395693	1.30385279784241	78701.1484602388	1.7000321184414804	309.18536548829155	1.3134014399488478	95595.59023212842	1.725023342459707	191.17658658341324	0.2278908265104462	0.0519342288076143	36548.4872576853	191.165885557462	315.37616235091974	1.212074	24.716953	0.05424475	0.0269436	-0.0708119123	0.0885103687	0.0306745197	-0.0498375043	-0.0324799243	0.1363048315	-0.0661738412	0.1160331392	-0.0023688991	-0.102299026	0.0042847027	0.0122457706	0.0850409075	-0.0479641556	0.0260431388	-0.133229159	0.171867281	0.0613088455	0.1162363262	-0.0712035449	0.0393212534	-0.1191399294	0.1203815459	0.1258983181	-0.0972586415	0.0152782987	-0.0208065204	-0.0797075321	-0.0823335557	0.0011112187	0.0184985451	0.0037310987	0.0756842942	-0.1058055101	-0.1413272542	0.0541171039	0.1053863361	-0.1360432759	-0.0040186181	-0.1807894408	-0.0183855628	-0.0190806449	0.0186123427	0.162380375	-0.0326776553	-0.0348568696	-0.1447833119	0.0380887898	0.0151586179	0.0569170544	-0.0835295689	-0.0064126151	-0.0523976729	0.0289730288	-0.1352277539	0.0783117229	0.1623620347	0.0040881456	-0.0231747836	-0.0029815661	-0.058265644	0.0202620707	-0.115458173	0.0118559982	0.0953222814	-0.0465603455	-0.1227891386	0.0866157511	0.0137074749	-0.1548891168	0.1161106625	0.0985060604	-0.0624478872	0.0732029003	0.0021655159	-0.0388997108	-0.0869208549	-0.007426653	-0.0112233338	-0.0082176339	0.0842910227	-0.0966678925	-0.0671233973	0.0551414821	-0.1671684632	0.117798709	0.109777206	0.0483861278	-0.1421776911	0.0180146993	-0.0172700485	0.1743882146	0.0278530719	-0.0060042199	0.0916822978	-0.1262850629	0.0038341273	0.0491534202	0.0366411663	-0.0009639108	0.0562914542	-0.026013818	-0.0588999027	-0.108127436	0.1393389269	-0.1660849358	-0.0126702524	0.0355869454	-0.021776989	-0.0152089966	0.0758629934	0.0811049624	0.0862868653	-0.0240350784	0.0555757191	-0.0405475679	-0.1786185232	-0.0418946355	-0.1264732989	-0.0657528469	0.089057462	0.0363386156	0.0356783274	0.048198683	-0.0870474847	-0.0044970047	-0.072452485	0.1591544666	-0.1236742059	-0.016475115	0.0846411	0.0587105909	0.130059877	0.0930779353	-0.0344577105	0.0518316751	-0.1056918005	-0.1191544118	0.1180513362	-0.1162204348	-0.0963756	0.0088503999999999	7.83295801599999e-05	0.00928825627536	-0.0127923	-0.0038117999999999	0.0001636429392899	1.4529819239999992e-05	-0.140958	-0.010192	0.019869157764	0.000103876864	0.00356141	9.053000000000012e-05	8.195680900000022e-09	1.26836411881e-05	0.00101758	0.0003271719999999	1.0704151758399996e-07	1.0354690563999995e-06	-0.000509781	0.000210109	2.59876667961e-07	4.414579188100005e-08	0.0
281.1812551027932	0.6440054188362865	79062.89822118207	0.4147429794905007	310.68548963614217	1.500124147850613	96525.4734704494	2.250372458964528	191.6077505673672	0.4311639839539509	0.1859023810590428	36713.5300774864	191.6434492605092	323.8881164063486	1.298148	26.472202	0.06061059	0.0330825	-0.0608165654	0.0510963293	-0.1442707089	0.0782605911	-0.182463952	-0.0731914723	0.0664441967	0.0692294029	0.0373521616	-0.1727824591	-0.0831591546	-0.1316747036	0.0369877087	0.2528905063	-0.0225383352	-0.1072600593	-0.053107544	0.103032893	0.0055991065	0.1245837417	0.0335797069	0.1457120774	0.0510672042	-0.0092108661	-0.1425296015	0.0345437013	-0.0918285965	0.2602284027	0.0696232953	-0.0115347754	-0.0533007867	-0.1406476254	0.0930750406	-0.1262359433	0.1475518317	0.0340240076	-0.0040350097	-0.0253198027	0.0564244827	0.0615730401	-0.1443375097	0.0333210622	-0.0903013264	-0.0120350112	-0.1738790426	0.0401752541	-0.042386437	-0.0188020501	-0.1148478583	-0.0120235014	0.0201468475	-0.020220188	0.0928505783	0.1192360188	0.056954614	0.0369348561	0.0372749079	0.134849966	-0.085555792	0.0161198504	-0.0500780912	-0.2007798623	0.0165346757	-0.1190101316	-0.0598302079	-0.1068973095	-0.0081496505	-0.1166129254	0.057798554	0.1267139701	0.0762599529	0.0049699597	-0.1294680441	0.0466776646	-0.0515918352	0.2309374172	0.1424729874	-0.0253629492	-0.0985801163	-0.1343946664	0.043732477	-0.1208718823	0.1187313819	-0.0391285783	0.0466767532	-0.0070042225	0.0917814414	-0.0491930734	0.1593998383	-0.0301214948	0.144579258	0.04597817	0.133948501	-0.0701553322	-0.0172277808	0.004063514	0.0460433813	-0.102439245	-0.0450197999	0.0162931581	0.111681518	0.0132872552	-5.37955e-05	0.0849175785	0.1586133376	0.0908830814	-0.0154672814	-0.0660074617	-0.117398269	-0.0948331836	-0.182037336	0.0563635318	0.0216085627	0.0355303113	-0.170970073	-0.0420046077	-0.0984904326	-0.0952275333	0.1311166596	-0.0861987492	-0.034405192	-0.1148328489	-0.0400558998	-0.1835445417	-0.1549585253	-0.0295124763	0.0198887448	0.2042623576	-0.0016230532	0.0592862784	0.1188178157	0.0189167439	0.0077931146	-0.0458872402	0.2539844542	0.1093776452	0.0968769589	-0.1193348294	0.1187713263	-0.1178341246	-0.096329	4.660000000000775e-05	2.171560000000722e-09	0.0092792762409999	0.0076248899999999	0.0204171899999998	5.813894751209848e-05	0.000416861647496	-0.141822	-0.000864	0.020113479684	7.464960000000063e-07	0.00341738	-0.00014403	2.0744640900000084e-08	1.1678486064399998e-05	0.00131052	0.00029294	8.58138436e-08	1.7174626703999998e-06	-0.000161095	0.0003486859999999	2.5951599025e-08	1.2158192659599997e-07	0.0
280.398861989097	-0.7823931136962301	78623.52180478066	0.612138984359282	309.9066446387116	-0.7788449974305536	96042.12839122469	0.606599530022599	191.763167569491	0.1554170021238121	0.024154444549153	36773.11243628469	191.80054912587804	322.2887577750517	1.326394	27.048193	0.17048226	0.106213	-0.0467092396	-0.1120120379	0.0104539947	0.0093424533	-0.1246259624	-0.0244049634	0.0115444064	-0.1004785074	0.0546879002	-0.0426136096	0.0821221255	-0.0467354118	-0.1128559588	0.105281689	-0.0351609211	0.1021476463	-0.129788903	-0.0592377275	-0.0284185989	0.188990221	0.147210433	0.0509039535	-0.0892022524	-0.1743684233	-0.0448851682	-0.0079534788	-0.0022686836	0.1627124823	0.069895309	0.0576158388	0.0009295802	-0.0143270884	-0.0216088899	-0.0173283844	-0.0887473869	-0.1910216215	-0.0353327159	0.0942788002	0.0762810828	0.1254216456	-0.0623261084	-0.1476875298	0.0306272419	-0.0149290066	0.1307436387	0.036650809	-0.0412020161	0.0071167183	0.1116237859	-0.0694379833	0.1340168609	-0.0409093179	0.0061990027	-0.1113361867	0.0589051001	-0.0128523916	-0.0098945795	0.1763846848	-0.0787682054	0.0402740341	0.042386601	-0.1525913576	-0.0153753466	-0.0463296437	-0.0415189981	0.0537195949	0.0271349525	-0.184224043	0.1580393531	0.0538102206	-0.0904801781	-0.1520428437	-0.0840710886	-0.028802242	-0.0067263892	0.1092625509	0.1100863651	0.0638035734	-0.0120262634	0.0407261913	-0.0683301138	-0.0336745887	-0.1501422731	-0.132037841	0.0578781929	-0.0851018014	0.0510142947	-0.0480004851	0.15376859	0.1162301637	-0.1076838496	-0.0058991741	-0.0881135516	0.0746279328	-0.0568057184	-0.0399589122	-0.0805643877	0.0560435226	-0.0950509859	-0.0281960332	-0.1755319815	0.0527806534	0.027698661	0.0874079385	0.1157018445	0.1263731717	-0.1034936978	-0.084388254	-0.0420175054	-0.0286126656	-0.1021915752	0.0435949128	0.0236829827	0.004107013	0.0273228736	0.1070434544	0.1236607751	0.0955460612	0.0781728817	0.0241831291	-0.1427307348	-0.1642580914	-0.0711021903	-0.1537614527	0.0261965837	-0.1450451561	0.2205977775	0.0364229519	0.1108595352	0.1244425766	-0.0651394831	0.060287646	0.0688803789	-0.1089592545	0.1067099725	-0.085491038	0.1806805702	-0.1194551582	0.1192521267	-0.1189139965	-0.104105	-0.007776	6.046617600000008e-05	0.010837851025	0.0943177	0.0866928100000001	0.00889582853329	0.0075156433056961	-0.149704	-0.007882	0.022411287616	6.2125924e-05	0.00246878	-0.0009486	8.998419599999999e-07	6.094874688399999e-06	0.00128403	-2.648999999999989e-05	7.017200999999942e-10	1.6487330409e-06	0.000226444	0.000387539	5.1276885136e-08	1.50186476521e-07	0.0
279.9420819090965	-0.4567800800004988	78367.56922359929	0.2086480414852621	309.2644630321736	-0.6421816065380312	95644.50809457866	0.4123972157757667	191.5133556747648	-0.2498118947262071	0.0624059827466975	36677.365401808966	191.54291042604788	314.6045734640685	1.241977	25.32674	0.13356575	0.084415	0.0108169796	0.0626446559	0.0912467786	-0.1394078585	-0.0476890969	-0.0264657969	-0.0763906044	0.0208480673	0.0345486375	0.0289349681	0.0710869416	-0.1281613133	-0.1453539375	-0.0562308334	-0.1554351788	0.0021116723	-0.0391180754	0.0031084946	0.0679321195	0.1686822251	0.1011927692	-0.0242322076	0.043336563	-0.0615408491	0.1085714093	0.1120518234	0.0691957451	-0.0009476772	-0.0592981801	0.0415526509	-0.0302950867	0.0171730127	0.0326545063	-0.0698730406	-0.1022574766	-0.0699998987	-0.0304648132	-0.0142023267	0.032274039	0.0477896006	0.0240763444	-0.0617082264	0.1230562533	-0.1071368701	-0.0450836122	-0.0133440113	0.0315940781	0.0013598254	-0.005698429	-0.0421060472	-0.004683884	0.0310812272	-0.080265354	-0.0962340826	-0.068928096	-0.0737687932	0.0654489979	-0.0470101642	0.0064589924	-0.1106797111	0.0294422949	-0.0716796558	0.0500884732	0.0730709394	-0.0961181594	-0.0005153913	-0.0694785652	-0.1640131322	0.1246152975	-0.0177050011	0.0346296968	-0.0760276135	0.1190920549	0.0771951372	0.0378407013	-0.0100886697	-0.0468385301	0.0742266947	-0.0300298213	0.0533200949	0.0117315098	-0.0708908002	-0.1030574633	-0.0524594309	0.0024769458	0.0226284602	0.0237433371	-0.0426226589	0.0267806483	0.0497046959	-0.1146913139	-0.1202150572	0.0687355746	-0.0388780566	-0.0032650015	0.0320488422	-0.0446836158	-0.0202636703	0.0501337998	0.011109268	-0.112641077	0.0421571451	-0.089511012	-0.0783385158	-0.033928266	-0.0853454714	-0.0007662671	-0.0647643962	-0.0352545786	0.0851637516	0.0348007844	-0.0374478541	-0.0622049492	-0.0234385556	0.0569378994	-0.0410458801	-0.1269652149	-0.0085764255	-0.046538343	-0.0243528308	-0.1620338242	-0.2400447647	0.0095148321	-0.0163453942	0.0900118368	-0.1454581092	-0.0202762669	0.0142097966	-0.0411345129	0.0561001254	-0.0832402228	-0.0102864463	0.1683290486	-0.0998798479	-0.1209829533	0.015625311	0.015605047	-0.1195153378	0.1194927693	-0.1194551582	-0.0925091	0.0115959	0.00013446489681	0.00855793358281	0.0181266	-0.0761911	0.00032857362756	0.00580508371921	-0.139185	0.010519	0.019372464225	0.000110649361	0.00299553	0.00052675	2.774655625000003e-07	8.9731999809e-06	0.00120416	-7.987000000000011e-05	6.379216900000018e-09	1.4500013056e-06	0.000325019	9.857500000000002e-05	1.0563735036100001e-07	9.717030625000004e-09	0.0
